"",25.000
0.0000,0.0000E+000
1.0000,0.0000E+000
2.0000,0.0000E+000
3.0000,0.0000E+000
4.0000,0.0000E+000
5.0000,0.0000E+000
6.0000,0.0000E+000
7.0000,0.0000E+000
8.0000,0.0000E+000
9.0000,0.0000E+000
10.0000,0.0000E+000
11.0000,0.0000E+000
12.0000,0.0000E+000
13.0000,0.0000E+000
14.0000,0.0000E+000
15.0000,0.0000E+000
16.0000,0.0000E+000
17.0000,0.0000E+000
18.0000,0.0000E+000
19.0000,0.0000E+000
20.0000,0.0000E+000
21.0000,0.0000E+000
22.0000,0.0000E+000
23.0000,0.0000E+000
24.0000,0.0000E+000
25.0000,0.0000E+000
26.0000,0.0000E+000
27.0000,0.0000E+000
28.0000,0.0000E+000
29.0000,0.0000E+000
30.0000,0.0000E+000
31.0000,0.0000E+000
32.0000,0.0000E+000
33.0000,0.0000E+000
34.0000,0.0000E+000
35.0000,0.0000E+000
36.0000,0.0000E+000
37.0000,2.6422E+002
38.0000,0.0000E+000
39.0000,0.0000E+000
40.0000,2.9468E+002
41.0000,2.4768E+002
42.0000,2.5516E+002
43.0000,0.0000E+000
44.0000,0.0000E+000
45.0000,0.0000E+000
46.0000,0.0000E+000
47.0000,0.0000E+000
48.0000,0.0000E+000
49.0000,0.0000E+000
50.0000,0.0000E+000
51.0000,0.0000E+000
52.0000,0.0000E+000
53.0000,0.0000E+000
54.0000,0.0000E+000
55.0000,0.0000E+000
56.0000,0.0000E+000
57.0000,0.0000E+000
58.0000,0.0000E+000
59.0000,0.0000E+000
60.0000,0.0000E+000
61.0000,0.0000E+000
62.0000,0.0000E+000
63.0000,0.0000E+000
64.0000,2.6310E+002
65.0000,2.2578E+002
66.0000,2.8416E+002
67.0000,0.0000E+000
68.0000,3.1646E+002
69.0000,0.0000E+000
70.0000,0.0000E+000
71.0000,0.0000E+000
72.0000,0.0000E+000
73.0000,0.0000E+000
74.0000,2.7918E+002
75.0000,2.6315E+002
76.0000,2.6316E+002
77.0000,2.1456E+002
78.0000,1.9647E+002
79.0000,3.0459E+002
80.0000,2.4644E+002
81.0000,3.2381E+002
82.0000,2.9407E+002
83.0000,3.3909E+002
84.0000,3.1272E+002
85.0000,3.0788E+002
86.0000,2.3458E+002
87.0000,3.0526E+002
88.0000,2.2740E+002
89.0000,2.6554E+002
90.0000,2.9575E+002
91.0000,2.3620E+002
92.0000,3.1369E+002
93.0000,2.6523E+002
94.0000,3.0987E+002
95.0000,2.9533E+002
96.0000,2.6732E+002
97.0000,2.2131E+002
98.0000,2.1941E+002
99.0000,2.2096E+002
100.0000,2.1847E+002
101.0000,2.1264E+002
102.0000,2.5683E+002
103.0000,3.1508E+002
104.0000,2.5400E+002
105.0000,2.4365E+002
106.0000,2.2467E+002
107.0000,2.5288E+002
108.0000,3.5728E+002
109.0000,3.4063E+002
110.0000,3.1647E+002
111.0000,2.2907E+002
112.0000,2.3261E+002
113.0000,2.9590E+002
114.0000,3.3143E+002
115.0000,3.5555E+002
116.0000,3.8106E+002
117.0000,3.0522E+002
118.0000,3.1996E+002
119.0000,3.0522E+002
120.0000,3.1374E+002
121.0000,3.0819E+002
122.0000,2.4865E+002
123.0000,2.6722E+002
124.0000,2.7823E+002
125.0000,2.8114E+002
126.0000,3.6400E+002
127.0000,2.9223E+002
128.0000,3.4024E+002
129.0000,3.1401E+002
130.0000,2.9451E+002
131.0000,2.5603E+002
132.0000,3.4946E+002
133.0000,3.7007E+002
134.0000,2.9101E+002
135.0000,3.5055E+002
136.0000,2.2076E+002
137.0000,2.4089E+002
138.0000,2.7816E+002
139.0000,3.1152E+002
140.0000,2.9238E+002
141.0000,3.5645E+002
142.0000,3.0873E+002
143.0000,3.1524E+002
144.0000,2.6751E+002
145.0000,3.7210E+002
146.0000,3.6582E+002
147.0000,3.4879E+002
148.0000,3.4316E+002
149.0000,2.7249E+002
150.0000,2.5069E+002
151.0000,3.6316E+002
152.0000,2.9475E+002
153.0000,2.8488E+002
154.0000,3.1428E+002
155.0000,2.7362E+002
156.0000,2.9379E+002
157.0000,3.3134E+002
158.0000,3.5503E+002
159.0000,3.4944E+002
160.0000,3.6042E+002
161.0000,3.7115E+002
162.0000,2.9348E+002
163.0000,3.7018E+002
164.0000,2.9719E+002
165.0000,3.0406E+002
166.0000,2.9856E+002
167.0000,3.8172E+002
168.0000,3.4526E+002
169.0000,3.9528E+002
170.0000,3.7946E+002
171.0000,3.4277E+002
172.0000,4.0625E+002
173.0000,3.8053E+002
174.0000,3.8190E+002
175.0000,3.8695E+002
176.0000,3.6775E+002
177.0000,3.4057E+002
178.0000,4.0017E+002
179.0000,3.0368E+002
180.0000,3.6777E+002
181.0000,3.6845E+002
182.0000,3.6961E+002
183.0000,3.7808E+002
184.0000,3.4817E+002
185.0000,3.1498E+002
186.0000,2.9957E+002
187.0000,3.0794E+002
188.0000,3.5530E+002
189.0000,3.3107E+002
190.0000,3.3602E+002
191.0000,4.0695E+002
192.0000,2.9016E+002
193.0000,3.1388E+002
194.0000,3.1445E+002
195.0000,3.7015E+002
196.0000,3.1229E+002
197.0000,2.8236E+002
198.0000,3.6344E+002
199.0000,3.5710E+002
200.0000,3.3257E+002
201.0000,3.7518E+002
202.0000,3.5895E+002
203.0000,3.7845E+002
204.0000,3.1914E+002
205.0000,3.6552E+002
206.0000,3.6870E+002
207.0000,3.4530E+002
208.0000,3.7228E+002
209.0000,3.1665E+002
210.0000,3.0708E+002
211.0000,3.6495E+002
212.0000,3.0797E+002
213.0000,2.8617E+002
214.0000,3.3782E+002
215.0000,3.3328E+002
216.0000,3.0632E+002
217.0000,3.0648E+002
218.0000,3.4833E+002
219.0000,3.6653E+002
220.0000,3.9941E+002
221.0000,3.8223E+002
222.0000,3.4640E+002
223.0000,3.1514E+002
224.0000,3.6920E+002
225.0000,3.5684E+002
226.0000,3.5002E+002
227.0000,3.4498E+002
228.0000,4.1580E+002
229.0000,3.9988E+002
230.0000,3.0684E+002
231.0000,3.6721E+002
232.0000,3.7310E+002
233.0000,3.6550E+002
234.0000,3.6901E+002
235.0000,3.4632E+002
236.0000,3.1689E+002
237.0000,3.6319E+002
238.0000,3.8251E+002
239.0000,3.4740E+002
240.0000,3.4166E+002
241.0000,3.5496E+002
242.0000,3.0530E+002
243.0000,2.8796E+002
244.0000,2.7508E+002
245.0000,3.1820E+002
246.0000,3.0122E+002
247.0000,3.0144E+002
248.0000,3.0162E+002
249.0000,3.3619E+002
250.0000,3.2163E+002
251.0000,3.3183E+002
252.0000,3.4951E+002
253.0000,3.5172E+002
254.0000,3.4046E+002
255.0000,3.1049E+002
256.0000,3.1655E+002
257.0000,3.2403E+002
258.0000,3.9370E+002
259.0000,2.8104E+002
260.0000,2.8872E+002
261.0000,3.8657E+002
262.0000,2.8937E+002
263.0000,3.8571E+002
264.0000,3.3353E+002
265.0000,3.8375E+002
266.0000,3.8337E+002
267.0000,3.3853E+002
268.0000,3.5193E+002
269.0000,3.3809E+002
270.0000,2.9199E+002
271.0000,3.3591E+002
272.0000,3.2454E+002
273.0000,2.4890E+002
274.0000,3.5145E+002
275.0000,3.2678E+002
276.0000,3.3538E+002
277.0000,2.7647E+002
278.0000,3.3252E+002
279.0000,3.1809E+002
280.0000,2.7073E+002
281.0000,3.1809E+002
282.0000,2.5318E+002
283.0000,2.0146E+002
284.0000,2.8954E+002
285.0000,3.1290E+002
286.0000,2.7060E+002
287.0000,3.1565E+002
288.0000,3.1871E+002
289.0000,2.8831E+002
290.0000,2.9574E+002
291.0000,2.6980E+002
292.0000,2.9851E+002
293.0000,3.7298E+002
294.0000,3.6055E+002
295.0000,3.4132E+002
296.0000,3.1694E+002
297.0000,3.0102E+002
298.0000,3.4135E+002
299.0000,3.1745E+002
300.0000,3.0628E+002
301.0000,3.2491E+002
302.0000,3.7600E+002
303.0000,3.2265E+002
304.0000,3.0642E+002
305.0000,3.1304E+002
306.0000,2.1237E+002
307.0000,2.9152E+002
308.0000,2.9337E+002
309.0000,2.3568E+002
310.0000,2.8598E+002
311.0000,2.5950E+002
312.0000,3.0671E+002
313.0000,2.4648E+002
314.0000,2.1378E+002
315.0000,2.1094E+002
316.0000,2.5806E+002
317.0000,3.1212E+002
318.0000,3.2957E+002
319.0000,3.0759E+002
320.0000,2.4535E+002
321.0000,3.0895E+002
322.0000,3.3112E+002
323.0000,3.1823E+002
324.0000,3.3299E+002
325.0000,3.1379E+002
326.0000,2.6124E+002
327.0000,2.7150E+002
328.0000,3.4116E+002
329.0000,3.2555E+002
330.0000,2.0720E+002
331.0000,2.2949E+002
332.0000,2.3802E+002
333.0000,2.8826E+002
334.0000,2.7017E+002
335.0000,2.5246E+002
336.0000,3.0411E+002
337.0000,2.8296E+002
338.0000,2.6669E+002
339.0000,2.2904E+002
340.0000,2.5058E+002
341.0000,2.7333E+002
342.0000,3.0131E+002
343.0000,2.5777E+002
344.0000,1.9722E+002
345.0000,1.6913E+002
346.0000,3.1289E+002
347.0000,2.3415E+002
348.0000,2.7806E+002
349.0000,1.4912E+002
350.0000,1.8254E+002
351.0000,2.1073E+002
352.0000,2.9161E+002
353.0000,2.8738E+002
354.0000,2.7666E+002
355.0000,2.8478E+002
356.0000,2.9748E+002
357.0000,3.1242E+002
358.0000,3.2052E+002
359.0000,2.6489E+002
360.0000,2.7522E+002
361.0000,2.8214E+002
362.0000,1.6520E+002
363.0000,1.8654E+002
364.0000,2.9575E+002
365.0000,2.3344E+002
366.0000,1.6236E+002
367.0000,0.0000E+000
368.0000,0.0000E+000
369.0000,0.0000E+000
370.0000,0.0000E+000
371.0000,0.0000E+000
372.0000,0.0000E+000
373.0000,0.0000E+000
374.0000,0.0000E+000
375.0000,0.0000E+000
376.0000,0.0000E+000
377.0000,0.0000E+000
378.0000,0.0000E+000
379.0000,0.0000E+000
380.0000,0.0000E+000
381.0000,0.0000E+000
382.0000,0.0000E+000
383.0000,0.0000E+000
384.0000,0.0000E+000
385.0000,0.0000E+000
386.0000,0.0000E+000
387.0000,0.0000E+000
388.0000,3.2066E+002
389.0000,0.0000E+000
390.0000,0.0000E+000
391.0000,0.0000E+000
392.0000,0.0000E+000
393.0000,0.0000E+000
394.0000,0.0000E+000
395.0000,0.0000E+000
396.0000,0.0000E+000
397.0000,0.0000E+000
398.0000,0.0000E+000
399.0000,0.0000E+000
400.0000,0.0000E+000
401.0000,0.0000E+000
402.0000,0.0000E+000
403.0000,0.0000E+000
404.0000,0.0000E+000
405.0000,0.0000E+000
406.0000,0.0000E+000
407.0000,0.0000E+000
408.0000,0.0000E+000
409.0000,0.0000E+000
410.0000,0.0000E+000
411.0000,0.0000E+000
412.0000,0.0000E+000
413.0000,0.0000E+000
414.0000,0.0000E+000
415.0000,0.0000E+000
416.0000,0.0000E+000
417.0000,0.0000E+000
418.0000,0.0000E+000
419.0000,0.0000E+000
420.0000,0.0000E+000
421.0000,0.0000E+000
422.0000,0.0000E+000
423.0000,0.0000E+000
424.0000,0.0000E+000
425.0000,0.0000E+000
426.0000,0.0000E+000
427.0000,0.0000E+000
428.0000,0.0000E+000
429.0000,0.0000E+000
430.0000,0.0000E+000
431.0000,0.0000E+000
432.0000,0.0000E+000
433.0000,3.3069E+002
434.0000,2.7115E+002
435.0000,2.9021E+002
436.0000,3.1963E+002
437.0000,3.3421E+002
438.0000,3.0499E+002
439.0000,2.5596E+002
440.0000,2.4367E+002
441.0000,2.4630E+002
442.0000,2.5836E+002
443.0000,3.1216E+002
444.0000,2.8763E+002
445.0000,2.0871E+002
446.0000,2.0963E+002
447.0000,2.3949E+002
448.0000,2.8910E+002
449.0000,1.9450E+002
450.0000,2.2452E+002
451.0000,2.7957E+002
452.0000,3.1580E+002
453.0000,2.2764E+002
454.0000,2.6288E+002
455.0000,2.8988E+002
456.0000,3.0254E+002
457.0000,3.8029E+002
458.0000,2.6717E+002
459.0000,3.0099E+002
460.0000,3.4721E+002
461.0000,3.4796E+002
462.0000,3.1923E+002
463.0000,3.0088E+002
464.0000,2.4696E+002
465.0000,3.3551E+002
466.0000,2.5161E+002
467.0000,3.1622E+002
468.0000,2.8090E+002
469.0000,2.8684E+002
470.0000,3.6471E+002
471.0000,2.2335E+002
472.0000,2.2720E+002
473.0000,2.4259E+002
474.0000,2.4481E+002
475.0000,2.5951E+002
476.0000,2.5446E+002
477.0000,2.5451E+002
478.0000,3.5068E+002
479.0000,3.5743E+002
480.0000,3.3258E+002
481.0000,2.4137E+002
482.0000,2.3324E+002
483.0000,2.5791E+002
484.0000,3.1622E+002
485.0000,3.4248E+002
486.0000,2.8520E+002
487.0000,3.1817E+002
488.0000,2.7087E+002
489.0000,2.9387E+002
490.0000,3.0591E+002
491.0000,3.2130E+002
492.0000,3.1506E+002
493.0000,2.9446E+002
494.0000,2.6812E+002
495.0000,3.2529E+002
496.0000,3.1962E+002
497.0000,3.5855E+002
498.0000,2.8442E+002
499.0000,2.7316E+002
500.0000,2.8782E+002
501.0000,2.6954E+002
502.0000,3.1082E+002
503.0000,2.7170E+002
504.0000,2.7250E+002
505.0000,3.6692E+002
506.0000,3.5119E+002
507.0000,3.4053E+002
508.0000,3.9128E+002
509.0000,4.2013E+002
510.0000,3.4251E+002
511.0000,3.7041E+002
512.0000,2.9090E+002
513.0000,2.8617E+002
514.0000,3.2768E+002
515.0000,3.6358E+002
516.0000,3.0487E+002
517.0000,3.5405E+002
518.0000,3.3769E+002
519.0000,3.7699E+002
520.0000,3.6210E+002
521.0000,3.7075E+002
522.0000,3.3902E+002
523.0000,3.6337E+002
524.0000,3.7389E+002
525.0000,2.9674E+002
526.0000,3.7592E+002
527.0000,4.2488E+002
528.0000,4.1121E+002
529.0000,3.9890E+002
530.0000,3.7806E+002
531.0000,3.5372E+002
532.0000,3.3329E+002
533.0000,3.7198E+002
534.0000,3.9714E+002
535.0000,3.2446E+002
536.0000,3.5421E+002
537.0000,4.0561E+002
538.0000,3.6633E+002
539.0000,4.0656E+002
540.0000,3.2589E+002
541.0000,3.6929E+002
542.0000,4.3214E+002
543.0000,3.6636E+002
544.0000,3.5469E+002
545.0000,3.6050E+002
546.0000,3.0559E+002
547.0000,3.0762E+002
548.0000,2.9983E+002
549.0000,3.4910E+002
550.0000,4.0314E+002
551.0000,4.0954E+002
552.0000,4.1589E+002
553.0000,4.2038E+002
554.0000,3.6975E+002
555.0000,3.3925E+002
556.0000,3.3674E+002
557.0000,3.5498E+002
558.0000,3.8921E+002
559.0000,3.7692E+002
560.0000,4.3506E+002
561.0000,3.1902E+002
562.0000,3.6176E+002
563.0000,3.5288E+002
564.0000,3.4538E+002
565.0000,3.7482E+002
566.0000,3.7637E+002
567.0000,3.3280E+002
568.0000,4.2135E+002
569.0000,3.9986E+002
570.0000,3.6748E+002
571.0000,3.3038E+002
572.0000,3.5083E+002
573.0000,3.8167E+002
574.0000,3.3844E+002
575.0000,3.6518E+002
576.0000,3.8790E+002
577.0000,3.5009E+002
578.0000,3.8948E+002
579.0000,3.9597E+002
580.0000,3.9509E+002
581.0000,3.5821E+002
582.0000,3.1670E+002
583.0000,3.8370E+002
584.0000,3.6666E+002
585.0000,4.1341E+002
586.0000,4.0006E+002
587.0000,3.9462E+002
588.0000,3.9763E+002
589.0000,3.9261E+002
590.0000,3.8101E+002
591.0000,3.8222E+002
592.0000,3.1330E+002
593.0000,3.1327E+002
594.0000,3.4494E+002
595.0000,3.3051E+002
596.0000,3.8162E+002
597.0000,3.7946E+002
598.0000,4.0786E+002
599.0000,3.4155E+002
600.0000,3.1884E+002
601.0000,2.9813E+002
602.0000,2.8260E+002
603.0000,3.0744E+002
604.0000,3.2163E+002
605.0000,3.0284E+002
606.0000,3.7054E+002
607.0000,3.7827E+002
608.0000,3.9943E+002
609.0000,3.4590E+002
610.0000,3.4375E+002
611.0000,3.1511E+002
612.0000,2.8884E+002
613.0000,3.5202E+002
614.0000,3.7082E+002
615.0000,2.8151E+002
616.0000,2.7925E+002
617.0000,3.0839E+002
618.0000,3.7443E+002
619.0000,2.9011E+002
620.0000,3.1199E+002
621.0000,2.8381E+002
622.0000,3.0643E+002
623.0000,3.3447E+002
624.0000,2.7883E+002
625.0000,3.3140E+002
626.0000,3.1817E+002
627.0000,3.7147E+002
628.0000,3.5502E+002
629.0000,3.3525E+002
630.0000,3.7030E+002
631.0000,4.1916E+002
632.0000,3.5194E+002
633.0000,3.4020E+002
634.0000,2.5517E+002
635.0000,3.1489E+002
636.0000,3.6392E+002
637.0000,3.3642E+002
638.0000,2.6443E+002
639.0000,3.0735E+002
640.0000,2.4673E+002
641.0000,2.3808E+002
642.0000,2.4677E+002
643.0000,2.6319E+002
644.0000,2.7735E+002
645.0000,2.6348E+002
646.0000,3.1074E+002
647.0000,3.1955E+002
648.0000,3.0462E+002
649.0000,3.0923E+002
650.0000,3.1401E+002
651.0000,2.4961E+002
652.0000,2.5325E+002
653.0000,2.5111E+002
654.0000,2.5727E+002
655.0000,3.2369E+002
656.0000,2.4105E+002
657.0000,2.5104E+002
658.0000,2.5089E+002
659.0000,2.2866E+002
660.0000,2.8763E+002
661.0000,3.7889E+002
662.0000,3.5878E+002
663.0000,3.5619E+002
664.0000,2.9192E+002
665.0000,3.1043E+002
666.0000,2.1729E+002
667.0000,2.3936E+002
668.0000,2.3566E+002
669.0000,2.2254E+002
670.0000,2.2973E+002
671.0000,2.2761E+002
672.0000,2.4539E+002
673.0000,2.5684E+002
674.0000,2.0537E+002
675.0000,2.3730E+002
676.0000,2.4544E+002
677.0000,2.5802E+002
678.0000,2.6906E+002
679.0000,3.5545E+002
680.0000,2.9349E+002
681.0000,3.2735E+002
682.0000,3.1641E+002
683.0000,2.8957E+002
684.0000,2.9217E+002
685.0000,3.2637E+002
686.0000,2.1743E+002
687.0000,2.2466E+002
688.0000,2.1673E+002
689.0000,2.6541E+002
690.0000,3.3875E+002
691.0000,2.1592E+002
692.0000,1.8812E+002
693.0000,3.1453E+002
694.0000,2.1097E+002
695.0000,2.3969E+002
696.0000,2.0237E+002
697.0000,2.2786E+002
698.0000,3.3785E+002
699.0000,2.7999E+002
700.0000,2.1927E+002
701.0000,2.6604E+002
702.0000,2.7950E+002
703.0000,2.3676E+002
704.0000,2.1158E+002
705.0000,2.2560E+002
706.0000,1.7731E+002
707.0000,1.7007E+002
708.0000,2.9852E+002
709.0000,2.4707E+002
710.0000,3.0195E+002
711.0000,1.4952E+002
712.0000,1.4740E+002
713.0000,1.5734E+002
714.0000,2.0918E+002
715.0000,0.0000E+000
716.0000,0.0000E+000
717.0000,0.0000E+000
718.0000,0.0000E+000
719.0000,0.0000E+000
720.0000,0.0000E+000
721.0000,0.0000E+000
722.0000,0.0000E+000
723.0000,0.0000E+000
724.0000,0.0000E+000
725.0000,0.0000E+000
726.0000,0.0000E+000
727.0000,0.0000E+000
728.0000,0.0000E+000
729.0000,2.5819E+002
730.0000,2.6051E+002
731.0000,0.0000E+000
732.0000,0.0000E+000
733.0000,0.0000E+000
734.0000,0.0000E+000
735.0000,0.0000E+000
736.0000,0.0000E+000
737.0000,0.0000E+000
738.0000,0.0000E+000
739.0000,0.0000E+000
740.0000,0.0000E+000
741.0000,0.0000E+000
742.0000,0.0000E+000
743.0000,0.0000E+000
744.0000,0.0000E+000
745.0000,0.0000E+000
746.0000,0.0000E+000
747.0000,0.0000E+000
748.0000,0.0000E+000
749.0000,0.0000E+000
750.0000,0.0000E+000
751.0000,0.0000E+000
752.0000,0.0000E+000
753.0000,0.0000E+000
754.0000,0.0000E+000
755.0000,0.0000E+000
756.0000,0.0000E+000
757.0000,0.0000E+000
758.0000,0.0000E+000
759.0000,0.0000E+000
760.0000,0.0000E+000
761.0000,0.0000E+000
762.0000,0.0000E+000
763.0000,0.0000E+000
764.0000,0.0000E+000
765.0000,0.0000E+000
766.0000,0.0000E+000
767.0000,0.0000E+000
768.0000,0.0000E+000
769.0000,0.0000E+000
770.0000,0.0000E+000
771.0000,0.0000E+000
772.0000,0.0000E+000
773.0000,0.0000E+000
774.0000,0.0000E+000
775.0000,0.0000E+000
776.0000,3.2684E+002
777.0000,2.6188E+002
778.0000,2.3958E+002
779.0000,0.0000E+000
780.0000,0.0000E+000
781.0000,0.0000E+000
782.0000,0.0000E+000
783.0000,0.0000E+000
784.0000,0.0000E+000
785.0000,0.0000E+000
786.0000,0.0000E+000
787.0000,0.0000E+000
788.0000,0.0000E+000
789.0000,0.0000E+000
790.0000,0.0000E+000
791.0000,0.0000E+000
792.0000,3.1387E+002
793.0000,0.0000E+000
794.0000,0.0000E+000
795.0000,0.0000E+000
796.0000,2.9814E+002
797.0000,0.0000E+000
798.0000,0.0000E+000
799.0000,0.0000E+000
800.0000,2.4021E+002
801.0000,0.0000E+000
802.0000,0.0000E+000
803.0000,0.0000E+000
804.0000,0.0000E+000
805.0000,2.6809E+002
806.0000,2.5933E+002
807.0000,2.1641E+002
808.0000,2.9353E+002
809.0000,3.2869E+002
810.0000,2.8882E+002
811.0000,3.2486E+002
812.0000,0.0000E+000
813.0000,0.0000E+000
814.0000,0.0000E+000
815.0000,0.0000E+000
816.0000,0.0000E+000
817.0000,0.0000E+000
818.0000,0.0000E+000
819.0000,1.9855E+002
820.0000,2.2198E+002
821.0000,2.8843E+002
822.0000,2.5857E+002
823.0000,3.5958E+002
824.0000,2.9331E+002
825.0000,2.9181E+002
826.0000,2.9202E+002
827.0000,2.9454E+002
828.0000,2.9378E+002
829.0000,3.5147E+002
830.0000,3.5347E+002
831.0000,3.2493E+002
832.0000,2.5171E+002
833.0000,3.3800E+002
834.0000,3.0087E+002
835.0000,3.1038E+002
836.0000,3.0562E+002
837.0000,2.8137E+002
838.0000,3.0590E+002
839.0000,3.0702E+002
840.0000,2.3175E+002
841.0000,3.1371E+002
842.0000,3.2008E+002
843.0000,3.2247E+002
844.0000,2.8609E+002
845.0000,3.4980E+002
846.0000,3.2701E+002
847.0000,2.9443E+002
848.0000,2.7524E+002
849.0000,3.0625E+002
850.0000,3.3712E+002
851.0000,2.2887E+002
852.0000,3.0163E+002
853.0000,2.9106E+002
854.0000,2.3648E+002
855.0000,2.5877E+002
856.0000,3.3813E+002
857.0000,2.7706E+002
858.0000,3.1236E+002
859.0000,3.9058E+002
860.0000,3.5477E+002
861.0000,3.5769E+002
862.0000,3.5987E+002
863.0000,3.3423E+002
864.0000,3.4190E+002
865.0000,2.1997E+002
866.0000,2.1975E+002
867.0000,2.5737E+002
868.0000,3.5192E+002
869.0000,3.0626E+002
870.0000,3.5989E+002
871.0000,3.2635E+002
872.0000,3.8250E+002
873.0000,3.6243E+002
874.0000,3.4579E+002
875.0000,3.0433E+002
876.0000,2.2947E+002
877.0000,3.5312E+002
878.0000,2.8617E+002
879.0000,3.5008E+002
880.0000,3.3789E+002
881.0000,2.8309E+002
882.0000,2.9839E+002
883.0000,3.7365E+002
884.0000,3.8895E+002
885.0000,3.1828E+002
886.0000,3.2414E+002
887.0000,3.7850E+002
888.0000,3.4820E+002
889.0000,4.0664E+002
890.0000,3.3209E+002
891.0000,3.2356E+002
892.0000,3.4819E+002
893.0000,3.4515E+002
894.0000,2.8552E+002
895.0000,3.3735E+002
896.0000,3.3834E+002
897.0000,3.4786E+002
898.0000,3.4897E+002
899.0000,3.7573E+002
900.0000,4.0629E+002
901.0000,3.7820E+002
902.0000,4.0981E+002
903.0000,3.6916E+002
904.0000,3.7204E+002
905.0000,3.0750E+002
906.0000,3.6292E+002
907.0000,3.3588E+002
908.0000,3.7175E+002
909.0000,3.4542E+002
910.0000,3.2593E+002
911.0000,4.0425E+002
912.0000,3.9518E+002
913.0000,3.2422E+002
914.0000,3.2107E+002
915.0000,3.2973E+002
916.0000,3.7425E+002
917.0000,3.4088E+002
918.0000,3.7468E+002
919.0000,3.5046E+002
920.0000,3.5289E+002
921.0000,4.2253E+002
922.0000,3.5080E+002
923.0000,3.7519E+002
924.0000,3.4929E+002
925.0000,4.0893E+002
926.0000,4.0490E+002
927.0000,4.1383E+002
928.0000,4.2568E+002
929.0000,3.8590E+002
930.0000,4.2797E+002
931.0000,4.1495E+002
932.0000,3.6501E+002
933.0000,4.0843E+002
934.0000,4.0222E+002
935.0000,4.3362E+002
936.0000,3.6034E+002
937.0000,3.5121E+002
938.0000,4.2852E+002
939.0000,3.9668E+002
940.0000,3.4942E+002
941.0000,3.5641E+002
942.0000,3.8042E+002
943.0000,3.9971E+002
944.0000,3.9846E+002
945.0000,3.4027E+002
946.0000,3.6709E+002
947.0000,4.0765E+002
948.0000,3.7419E+002
949.0000,4.0057E+002
950.0000,3.7484E+002
951.0000,3.1750E+002
952.0000,2.9569E+002
953.0000,3.0277E+002
954.0000,3.5179E+002
955.0000,3.4781E+002
956.0000,3.0311E+002
957.0000,3.1526E+002
958.0000,3.2769E+002
959.0000,3.1575E+002
960.0000,3.2420E+002
961.0000,3.5080E+002
962.0000,3.5469E+002
963.0000,3.1270E+002
964.0000,3.2014E+002
965.0000,3.8406E+002
966.0000,3.0899E+002
967.0000,3.0283E+002
968.0000,3.5148E+002
969.0000,3.0149E+002
970.0000,3.2868E+002
971.0000,3.1232E+002
972.0000,3.8945E+002
973.0000,3.6602E+002
974.0000,3.9341E+002
975.0000,3.9991E+002
976.0000,3.8328E+002
977.0000,2.9015E+002
978.0000,2.5918E+002
979.0000,2.5693E+002
980.0000,2.7982E+002
981.0000,3.0083E+002
982.0000,3.1869E+002
983.0000,3.3874E+002
984.0000,3.3740E+002
985.0000,3.4322E+002
986.0000,2.7213E+002
987.0000,2.2574E+002
988.0000,2.3561E+002
989.0000,3.1694E+002
990.0000,3.5666E+002
991.0000,3.8326E+002
992.0000,2.9089E+002
993.0000,3.5449E+002
994.0000,3.5792E+002
995.0000,3.2591E+002
996.0000,3.2631E+002
997.0000,3.1882E+002
998.0000,3.2804E+002
999.0000,3.3736E+002
1000.0000,2.9622E+002
1001.0000,3.1201E+002
1002.0000,3.4136E+002
1003.0000,2.3761E+002
1004.0000,2.3815E+002
1005.0000,2.7107E+002
1006.0000,2.7880E+002
1007.0000,2.7683E+002
1008.0000,2.7950E+002
1009.0000,2.9572E+002
1010.0000,3.0252E+002
1011.0000,2.9535E+002
1012.0000,2.8048E+002
1013.0000,3.1919E+002
1014.0000,3.7077E+002
1015.0000,3.6495E+002
1016.0000,3.0697E+002
1017.0000,3.3271E+002
1018.0000,3.2227E+002
1019.0000,2.3456E+002
1020.0000,2.3199E+002
1021.0000,3.2594E+002
1022.0000,3.2349E+002
1023.0000,2.9964E+002
1024.0000,2.3540E+002
1025.0000,2.4832E+002
1026.0000,3.1281E+002
1027.0000,2.9917E+002
1028.0000,3.2999E+002
1029.0000,2.9782E+002
1030.0000,2.8921E+002
1031.0000,2.4719E+002
1032.0000,2.3189E+002
1033.0000,2.6156E+002
1034.0000,2.4329E+002
1035.0000,3.0834E+002
1036.0000,3.3347E+002
1037.0000,2.1585E+002
1038.0000,2.1999E+002
1039.0000,2.5717E+002
1040.0000,3.0097E+002
1041.0000,2.9600E+002
1042.0000,3.3197E+002
1043.0000,2.1521E+002
1044.0000,2.6380E+002
1045.0000,2.2690E+002
1046.0000,2.8816E+002
1047.0000,2.5944E+002
1048.0000,2.3926E+002
1049.0000,2.2374E+002
1050.0000,1.9218E+002
1051.0000,2.2179E+002
1052.0000,2.2964E+002
1053.0000,3.2949E+002
1054.0000,2.3048E+002
1055.0000,2.3651E+002
1056.0000,2.3880E+002
1057.0000,2.3470E+002
1058.0000,2.4810E+002
1059.0000,3.5283E+002
1060.0000,3.3378E+002
1061.0000,2.6841E+002
1062.0000,2.1488E+002
1063.0000,1.8713E+002
1064.0000,2.4417E+002
1065.0000,2.9434E+002
1066.0000,2.3311E+002
1067.0000,3.3756E+002
1068.0000,2.9347E+002
1069.0000,2.8187E+002
1070.0000,2.4884E+002
1071.0000,1.9002E+002
1072.0000,2.5552E+002
1073.0000,1.5413E+002
1074.0000,2.0405E+002
1075.0000,2.1773E+002
1076.0000,3.1145E+002
1077.0000,3.1021E+002
1078.0000,3.4836E+002
1079.0000,1.9423E+002
1080.0000,2.3362E+002
1081.0000,1.9986E+002
1082.0000,2.3371E+002
1083.0000,2.1522E+002
1084.0000,2.8057E+002
1085.0000,2.6479E+002
1086.0000,1.8781E+002
1087.0000,2.4466E+002
1088.0000,2.2791E+002
1089.0000,2.0521E+002
1090.0000,2.8352E+002
1091.0000,1.9256E+002
1092.0000,2.4705E+002
1093.0000,2.2128E+002
1094.0000,2.4462E+002
1095.0000,2.5438E+002
1096.0000,2.7555E+002
1097.0000,1.9612E+002
1098.0000,2.1921E+002
1099.0000,2.8220E+002
1100.0000,2.4243E+002
1101.0000,2.1965E+002
1102.0000,2.0693E+002
1103.0000,2.1092E+002
1104.0000,2.2714E+002
1105.0000,2.3399E+002
1106.0000,2.6363E+002
1107.0000,2.6908E+002
1108.0000,2.4030E+002
1109.0000,2.5350E+002
1110.0000,0.0000E+000
1111.0000,0.0000E+000
1112.0000,0.0000E+000
1113.0000,0.0000E+000
1114.0000,0.0000E+000
1115.0000,0.0000E+000
1116.0000,0.0000E+000
1117.0000,0.0000E+000
1118.0000,0.0000E+000
1119.0000,0.0000E+000
1120.0000,0.0000E+000
1121.0000,0.0000E+000
1122.0000,0.0000E+000
1123.0000,0.0000E+000
1124.0000,0.0000E+000
1125.0000,0.0000E+000
1126.0000,0.0000E+000
1127.0000,0.0000E+000
1128.0000,0.0000E+000
1129.0000,0.0000E+000
1130.0000,0.0000E+000
1131.0000,0.0000E+000
1132.0000,0.0000E+000
1133.0000,0.0000E+000
1134.0000,0.0000E+000
1135.0000,0.0000E+000
1136.0000,0.0000E+000
1137.0000,0.0000E+000
1138.0000,0.0000E+000
1139.0000,0.0000E+000
1140.0000,0.0000E+000
1141.0000,3.1628E+002
1142.0000,0.0000E+000
1143.0000,0.0000E+000
1144.0000,0.0000E+000
1145.0000,0.0000E+000
1146.0000,0.0000E+000
1147.0000,0.0000E+000
1148.0000,0.0000E+000
1149.0000,0.0000E+000
1150.0000,0.0000E+000
1151.0000,0.0000E+000
1152.0000,2.2695E+002
1153.0000,0.0000E+000
1154.0000,3.1917E+002
1155.0000,0.0000E+000
1156.0000,2.7144E+002
1157.0000,0.0000E+000
1158.0000,0.0000E+000
1159.0000,0.0000E+000
1160.0000,0.0000E+000
1161.0000,2.5101E+002
1162.0000,3.3155E+002
1163.0000,2.8244E+002
1164.0000,2.3901E+002
1165.0000,2.3739E+002
1166.0000,3.3255E+002
1167.0000,3.2007E+002
1168.0000,2.6083E+002
1169.0000,3.5733E+002
1170.0000,3.0395E+002
1171.0000,3.4292E+002
1172.0000,3.5576E+002
1173.0000,3.3134E+002
1174.0000,3.5375E+002
1175.0000,3.1300E+002
1176.0000,3.4189E+002
1177.0000,3.5154E+002
1178.0000,3.3319E+002
1179.0000,3.7064E+002
1180.0000,2.7586E+002
1181.0000,3.1561E+002
1182.0000,2.9234E+002
1183.0000,2.6875E+002
1184.0000,2.5251E+002
1185.0000,2.4713E+002
1186.0000,3.2948E+002
1187.0000,2.8458E+002
1188.0000,2.9440E+002
1189.0000,2.7375E+002
1190.0000,2.2806E+002
1191.0000,2.1477E+002
1192.0000,2.2798E+002
1193.0000,3.1271E+002
1194.0000,2.4154E+002
1195.0000,2.8015E+002
1196.0000,2.3545E+002
1197.0000,2.3239E+002
1198.0000,2.3595E+002
1199.0000,3.0605E+002
1200.0000,3.6013E+002
1201.0000,3.5651E+002
1202.0000,3.0481E+002
1203.0000,3.1852E+002
1204.0000,3.1710E+002
1205.0000,3.4750E+002
1206.0000,3.1579E+002
1207.0000,3.1082E+002
1208.0000,2.3498E+002
1209.0000,2.4428E+002
1210.0000,2.7262E+002
1211.0000,3.4068E+002
1212.0000,2.2171E+002
1213.0000,3.2663E+002
1214.0000,3.0943E+002
1215.0000,3.5080E+002
1216.0000,2.8235E+002
1217.0000,3.0025E+002
1218.0000,3.7305E+002
1219.0000,3.9197E+002
1220.0000,3.3953E+002
1221.0000,3.0860E+002
1222.0000,3.7840E+002
1223.0000,2.6890E+002
1224.0000,3.1584E+002
1225.0000,2.5833E+002
1226.0000,2.6564E+002
1227.0000,3.3096E+002
1228.0000,2.8886E+002
1229.0000,2.5694E+002
1230.0000,2.8201E+002
1231.0000,2.7269E+002
1232.0000,2.6278E+002
1233.0000,2.7587E+002
1234.0000,2.8586E+002
1235.0000,3.3609E+002
1236.0000,2.9123E+002
1237.0000,2.6761E+002
1238.0000,2.7847E+002
1239.0000,2.9255E+002
1240.0000,3.8421E+002
1241.0000,3.3699E+002
1242.0000,3.5646E+002
1243.0000,3.3110E+002
1244.0000,3.3146E+002
1245.0000,2.7664E+002
1246.0000,3.4281E+002
1247.0000,2.8440E+002
1248.0000,2.6527E+002
1249.0000,2.9652E+002
1250.0000,3.5711E+002
1251.0000,3.0848E+002
1252.0000,2.8640E+002
1253.0000,3.0089E+002
1254.0000,3.1141E+002
1255.0000,3.2763E+002
1256.0000,3.1428E+002
1257.0000,3.4176E+002
1258.0000,3.0765E+002
1259.0000,2.6175E+002
1260.0000,2.8493E+002
1261.0000,3.0485E+002
1262.0000,3.2485E+002
1263.0000,3.9166E+002
1264.0000,3.2615E+002
1265.0000,4.2895E+002
1266.0000,3.8306E+002
1267.0000,3.8461E+002
1268.0000,3.1384E+002
1269.0000,3.1044E+002
1270.0000,3.3318E+002
1271.0000,3.4736E+002
1272.0000,2.6492E+002
1273.0000,3.5286E+002
1274.0000,3.9171E+002
1275.0000,3.4957E+002
1276.0000,3.6002E+002
1277.0000,3.5039E+002
1278.0000,3.6786E+002
1279.0000,3.9798E+002
1280.0000,4.0507E+002
1281.0000,4.0658E+002
1282.0000,4.1607E+002
1283.0000,4.1346E+002
1284.0000,3.7337E+002
1285.0000,3.3439E+002
1286.0000,3.5540E+002
1287.0000,3.0704E+002
1288.0000,3.1068E+002
1289.0000,3.3435E+002
1290.0000,4.0973E+002
1291.0000,4.0252E+002
1292.0000,3.5961E+002
1293.0000,3.8707E+002
1294.0000,4.0471E+002
1295.0000,4.1304E+002
1296.0000,3.7141E+002
1297.0000,3.3241E+002
1298.0000,3.7787E+002
1299.0000,3.7032E+002
1300.0000,4.0764E+002
1301.0000,3.6328E+002
1302.0000,4.1959E+002
1303.0000,3.3685E+002
1304.0000,3.2535E+002
1305.0000,3.3121E+002
1306.0000,3.9723E+002
1307.0000,3.7006E+002
1308.0000,3.2817E+002
1309.0000,3.5770E+002
1310.0000,3.6451E+002
1311.0000,3.6835E+002
1312.0000,3.5729E+002
1313.0000,2.8568E+002
1314.0000,3.1348E+002
1315.0000,3.3877E+002
1316.0000,3.3162E+002
1317.0000,3.4069E+002
1318.0000,2.7935E+002
1319.0000,2.9668E+002
1320.0000,3.7818E+002
1321.0000,3.3379E+002
1322.0000,3.4746E+002
1323.0000,3.4528E+002
1324.0000,3.3154E+002
1325.0000,2.8430E+002
1326.0000,2.9591E+002
1327.0000,3.0634E+002
1328.0000,2.8664E+002
1329.0000,2.9229E+002
1330.0000,3.3247E+002
1331.0000,3.4743E+002
1332.0000,3.4065E+002
1333.0000,3.7847E+002
1334.0000,3.7215E+002
1335.0000,3.2283E+002
1336.0000,3.4271E+002
1337.0000,3.4570E+002
1338.0000,3.4337E+002
1339.0000,3.4067E+002
1340.0000,3.5409E+002
1341.0000,3.6276E+002
1342.0000,3.8165E+002
1343.0000,4.0641E+002
1344.0000,3.0761E+002
1345.0000,3.3492E+002
1346.0000,3.0859E+002
1347.0000,3.0865E+002
1348.0000,2.8304E+002
1349.0000,2.8730E+002
1350.0000,3.0299E+002
1351.0000,2.9700E+002
1352.0000,2.6314E+002
1353.0000,2.7056E+002
1354.0000,2.8688E+002
1355.0000,2.9407E+002
1356.0000,3.1359E+002
1357.0000,2.3930E+002
1358.0000,3.0185E+002
1359.0000,2.6687E+002
1360.0000,2.5637E+002
1361.0000,3.1006E+002
1362.0000,2.3371E+002
1363.0000,2.7713E+002
1364.0000,2.6626E+002
1365.0000,2.5104E+002
1366.0000,2.5426E+002
1367.0000,2.7963E+002
1368.0000,2.6190E+002
1369.0000,2.6830E+002
1370.0000,2.9591E+002
1371.0000,2.8255E+002
1372.0000,2.9328E+002
1373.0000,2.3898E+002
1374.0000,2.2782E+002
1375.0000,3.0901E+002
1376.0000,2.1262E+002
1377.0000,3.2310E+002
1378.0000,2.7799E+002
1379.0000,2.7561E+002
1380.0000,2.7557E+002
1381.0000,2.5267E+002
1382.0000,3.7891E+002
1383.0000,3.3449E+002
1384.0000,2.5661E+002
1385.0000,3.0402E+002
1386.0000,3.6153E+002
1387.0000,3.0536E+002
1388.0000,2.9990E+002
1389.0000,2.5504E+002
1390.0000,3.0809E+002
1391.0000,3.4925E+002
1392.0000,3.3544E+002
1393.0000,3.4717E+002
1394.0000,2.6971E+002
1395.0000,2.5901E+002
1396.0000,2.7663E+002
1397.0000,2.1270E+002
1398.0000,2.2000E+002
1399.0000,2.1814E+002
1400.0000,2.1895E+002
1401.0000,3.0741E+002
1402.0000,2.8546E+002
1403.0000,2.7590E+002
1404.0000,2.1894E+002
1405.0000,2.2511E+002
1406.0000,3.1888E+002
1407.0000,3.0919E+002
1408.0000,2.5473E+002
1409.0000,3.5248E+002
1410.0000,3.4173E+002
1411.0000,3.1587E+002
1412.0000,2.7526E+002
1413.0000,2.2243E+002
1414.0000,2.3007E+002
1415.0000,2.3398E+002
1416.0000,2.2902E+002
1417.0000,2.3520E+002
1418.0000,2.6677E+002
1419.0000,3.2660E+002
1420.0000,2.4638E+002
1421.0000,2.5444E+002
1422.0000,2.8810E+002
1423.0000,2.7231E+002
1424.0000,2.9031E+002
1425.0000,2.0575E+002
1426.0000,1.7433E+002
1427.0000,2.7030E+002
1428.0000,2.4638E+002
1429.0000,3.1292E+002
1430.0000,3.0194E+002
1431.0000,3.4974E+002
1432.0000,2.5661E+002
1433.0000,3.2804E+002
1434.0000,2.0109E+002
1435.0000,2.5627E+002
1436.0000,3.1520E+002
1437.0000,3.0555E+002
1438.0000,2.5200E+002
1439.0000,3.0869E+002
1440.0000,2.8792E+002
1441.0000,2.8153E+002
1442.0000,2.1262E+002
1443.0000,2.1603E+002
1444.0000,2.6040E+002
1445.0000,3.2744E+002
1446.0000,2.5866E+002
1447.0000,2.6656E+002
1448.0000,2.9071E+002
1449.0000,3.0251E+002
1450.0000,2.9350E+002
1451.0000,1.8320E+002
1452.0000,2.0348E+002
1453.0000,2.0763E+002
1454.0000,2.3466E+002
1455.0000,2.2792E+002
1456.0000,2.6160E+002
1457.0000,2.7831E+002
1458.0000,2.8115E+002
1459.0000,2.5880E+002
1460.0000,2.3016E+002
1461.0000,2.4594E+002
1462.0000,2.1066E+002
1463.0000,2.6165E+002
1464.0000,2.1133E+002
1465.0000,1.9531E+002
1466.0000,2.5930E+002
1467.0000,1.9404E+002
1468.0000,2.3058E+002
1469.0000,2.5340E+002
1470.0000,2.0949E+002
1471.0000,3.3874E+002
1472.0000,2.8027E+002
1473.0000,2.9106E+002
1474.0000,2.3318E+002
1475.0000,1.7508E+002
1476.0000,0.0000E+000
1477.0000,0.0000E+000
1478.0000,0.0000E+000
1479.0000,0.0000E+000
1480.0000,0.0000E+000
1481.0000,0.0000E+000
1482.0000,0.0000E+000
1483.0000,0.0000E+000
1484.0000,0.0000E+000
1485.0000,0.0000E+000
1486.0000,0.0000E+000
1487.0000,0.0000E+000
1488.0000,3.2602E+002
1489.0000,0.0000E+000
1490.0000,3.1975E+002
1491.0000,0.0000E+000
1492.0000,0.0000E+000
1493.0000,0.0000E+000
1494.0000,0.0000E+000
1495.0000,0.0000E+000
1496.0000,0.0000E+000
1497.0000,0.0000E+000
1498.0000,0.0000E+000
1499.0000,0.0000E+000
1500.0000,0.0000E+000
1501.0000,0.0000E+000
1502.0000,2.8464E+002
1503.0000,0.0000E+000
1504.0000,0.0000E+000
1505.0000,0.0000E+000
1506.0000,0.0000E+000
1507.0000,0.0000E+000
1508.0000,0.0000E+000
1509.0000,0.0000E+000
1510.0000,0.0000E+000
1511.0000,0.0000E+000
1512.0000,0.0000E+000
1513.0000,0.0000E+000
1514.0000,0.0000E+000
1515.0000,0.0000E+000
1516.0000,0.0000E+000
1517.0000,0.0000E+000
1518.0000,0.0000E+000
1519.0000,0.0000E+000
1520.0000,0.0000E+000
1521.0000,0.0000E+000
1522.0000,0.0000E+000
1523.0000,0.0000E+000
1524.0000,0.0000E+000
1525.0000,0.0000E+000
1526.0000,0.0000E+000
1527.0000,0.0000E+000
1528.0000,0.0000E+000
1529.0000,3.3204E+002
1530.0000,3.2240E+002
1531.0000,0.0000E+000
1532.0000,0.0000E+000
1533.0000,0.0000E+000
1534.0000,0.0000E+000
1535.0000,0.0000E+000
1536.0000,0.0000E+000
1537.0000,0.0000E+000
1538.0000,0.0000E+000
1539.0000,0.0000E+000
1540.0000,0.0000E+000
1541.0000,0.0000E+000
1542.0000,0.0000E+000
1543.0000,0.0000E+000
1544.0000,0.0000E+000
1545.0000,0.0000E+000
1546.0000,0.0000E+000
1547.0000,0.0000E+000
1548.0000,0.0000E+000
1549.0000,2.2567E+002
1550.0000,3.1493E+002
1551.0000,0.0000E+000
1552.0000,0.0000E+000
1553.0000,0.0000E+000
1554.0000,0.0000E+000
1555.0000,2.2414E+002
1556.0000,3.0612E+002
1557.0000,3.4188E+002
1558.0000,2.5895E+002
1559.0000,2.7117E+002
1560.0000,3.3821E+002
1561.0000,3.2485E+002
1562.0000,3.0741E+002
1563.0000,3.0178E+002
1564.0000,2.8608E+002
1565.0000,3.2547E+002
1566.0000,2.9424E+002
1567.0000,3.2333E+002
1568.0000,3.4258E+002
1569.0000,2.7802E+002
1570.0000,2.6264E+002
1571.0000,2.1804E+002
1572.0000,2.9016E+002
1573.0000,2.9647E+002
1574.0000,3.0733E+002
1575.0000,2.6182E+002
1576.0000,2.2712E+002
1577.0000,2.7212E+002
1578.0000,2.8668E+002
1579.0000,2.7229E+002
1580.0000,3.3582E+002
1581.0000,3.1129E+002
1582.0000,2.9836E+002
1583.0000,3.2669E+002
1584.0000,3.4193E+002
1585.0000,3.0841E+002
1586.0000,2.6910E+002
1587.0000,2.7454E+002
1588.0000,2.7623E+002
1589.0000,2.8768E+002
1590.0000,3.5828E+002
1591.0000,2.7107E+002
1592.0000,2.4047E+002
1593.0000,2.2013E+002
1594.0000,3.2322E+002
1595.0000,3.4849E+002
1596.0000,2.8327E+002
1597.0000,2.8752E+002
1598.0000,3.5880E+002
1599.0000,3.6544E+002
1600.0000,3.7108E+002
1601.0000,3.3960E+002
1602.0000,3.7787E+002
1603.0000,3.6225E+002
1604.0000,2.6719E+002
1605.0000,2.7107E+002
1606.0000,3.2385E+002
1607.0000,3.6498E+002
1608.0000,3.3888E+002
1609.0000,3.7377E+002
1610.0000,4.1236E+002
1611.0000,3.8489E+002
1612.0000,3.3624E+002
1613.0000,3.7029E+002
1614.0000,3.2050E+002
1615.0000,2.9738E+002
1616.0000,3.4925E+002
1617.0000,3.6557E+002
1618.0000,3.4146E+002
1619.0000,2.8531E+002
1620.0000,3.6526E+002
1621.0000,3.8642E+002
1622.0000,3.3763E+002
1623.0000,3.4541E+002
1624.0000,3.8204E+002
1625.0000,3.0943E+002
1626.0000,3.1931E+002
1627.0000,3.8647E+002
1628.0000,3.0371E+002
1629.0000,3.2956E+002
1630.0000,2.8198E+002
1631.0000,3.0719E+002
1632.0000,3.4291E+002
1633.0000,3.8126E+002
1634.0000,4.3515E+002
1635.0000,3.6405E+002
1636.0000,3.6469E+002
1637.0000,3.7251E+002
1638.0000,4.1539E+002
1639.0000,3.3773E+002
1640.0000,3.5429E+002
1641.0000,3.4889E+002
1642.0000,3.0113E+002
1643.0000,3.0046E+002
1644.0000,2.8854E+002
1645.0000,3.5951E+002
1646.0000,3.2599E+002
1647.0000,3.3947E+002
1648.0000,3.5315E+002
1649.0000,3.7452E+002
1650.0000,4.2287E+002
1651.0000,4.1225E+002
1652.0000,3.0926E+002
1653.0000,3.1709E+002
1654.0000,3.0945E+002
1655.0000,3.3730E+002
1656.0000,3.6436E+002
1657.0000,4.1512E+002
1658.0000,4.2444E+002
1659.0000,3.8796E+002
1660.0000,3.8497E+002
1661.0000,3.5280E+002
1662.0000,3.7360E+002
1663.0000,3.5890E+002
1664.0000,3.9965E+002
1665.0000,3.5386E+002
1666.0000,3.2800E+002
1667.0000,3.7633E+002
1668.0000,2.9306E+002
1669.0000,3.4007E+002
1670.0000,3.6793E+002
1671.0000,2.8999E+002
1672.0000,3.9529E+002
1673.0000,3.2183E+002
1674.0000,3.1768E+002
1675.0000,3.0512E+002
1676.0000,3.2455E+002
1677.0000,3.5709E+002
1678.0000,3.6436E+002
1679.0000,3.6622E+002
1680.0000,3.1342E+002
1681.0000,3.2688E+002
1682.0000,3.1570E+002
1683.0000,3.0899E+002
1684.0000,3.4616E+002
1685.0000,3.0710E+002
1686.0000,2.8303E+002
1687.0000,2.8994E+002
1688.0000,3.6218E+002
1689.0000,3.1053E+002
1690.0000,3.1256E+002
1691.0000,3.1783E+002
1692.0000,3.4629E+002
1693.0000,3.5799E+002
1694.0000,3.8255E+002
1695.0000,3.3503E+002
1696.0000,3.2068E+002
1697.0000,3.6737E+002
1698.0000,3.6484E+002
1699.0000,3.9127E+002
1700.0000,4.2074E+002
1701.0000,3.5404E+002
1702.0000,3.6414E+002
1703.0000,3.7376E+002
1704.0000,3.5881E+002
1705.0000,3.2740E+002
1706.0000,2.8380E+002
1707.0000,2.8963E+002
1708.0000,3.2608E+002
1709.0000,3.2983E+002
1710.0000,3.6029E+002
1711.0000,3.7723E+002
1712.0000,3.7013E+002
1713.0000,3.9439E+002
1714.0000,3.7941E+002
1715.0000,3.5512E+002
1716.0000,3.2816E+002
1717.0000,2.6020E+002
1718.0000,3.6817E+002
1719.0000,3.5084E+002
1720.0000,2.6927E+002
1721.0000,3.8163E+002
1722.0000,3.8755E+002
1723.0000,4.0004E+002
1724.0000,3.2449E+002
1725.0000,2.6614E+002
1726.0000,2.6820E+002
1727.0000,2.7125E+002
1728.0000,2.8402E+002
1729.0000,2.8084E+002
1730.0000,3.0263E+002
1731.0000,2.9399E+002
1732.0000,3.4634E+002
1733.0000,2.7460E+002
1734.0000,2.9265E+002
1735.0000,3.1860E+002
1736.0000,3.4390E+002
1737.0000,3.9119E+002
1738.0000,3.7990E+002
1739.0000,3.7308E+002
1740.0000,3.0863E+002
1741.0000,2.7596E+002
1742.0000,2.7933E+002
1743.0000,2.6885E+002
1744.0000,2.9128E+002
1745.0000,3.1163E+002
1746.0000,2.5321E+002
1747.0000,2.4775E+002
1748.0000,2.7501E+002
1749.0000,3.3322E+002
1750.0000,3.4668E+002
1751.0000,2.4616E+002
1752.0000,3.1402E+002
1753.0000,2.6510E+002
1754.0000,3.1802E+002
1755.0000,2.9935E+002
1756.0000,2.5224E+002
1757.0000,2.8965E+002
1758.0000,2.8071E+002
1759.0000,2.9038E+002
1760.0000,2.9842E+002
1761.0000,2.4328E+002
1762.0000,3.0172E+002
1763.0000,3.2074E+002
1764.0000,3.4982E+002
1765.0000,3.4864E+002
1766.0000,3.0453E+002
1767.0000,3.0573E+002
1768.0000,2.5044E+002
1769.0000,3.4652E+002
1770.0000,3.6225E+002
1771.0000,2.0676E+002
1772.0000,2.2292E+002
1773.0000,3.0193E+002
1774.0000,3.0136E+002
1775.0000,3.1772E+002
1776.0000,2.4302E+002
1777.0000,1.8131E+002
1778.0000,2.1381E+002
1779.0000,3.1637E+002
1780.0000,2.4586E+002
1781.0000,3.3985E+002
1782.0000,2.4490E+002
1783.0000,2.0156E+002
1784.0000,2.4805E+002
1785.0000,3.2337E+002
1786.0000,3.2443E+002
1787.0000,1.7564E+002
1788.0000,1.5266E+002
1789.0000,1.9178E+002
1790.0000,2.4518E+002
1791.0000,2.5828E+002
1792.0000,2.6865E+002
1793.0000,2.5603E+002
1794.0000,2.5000E+002
1795.0000,2.6899E+002
1796.0000,2.4847E+002
1797.0000,3.1798E+002
1798.0000,2.9070E+002
1799.0000,2.6563E+002
1800.0000,1.9317E+002
1801.0000,2.1483E+002
1802.0000,1.9668E+002
1803.0000,2.7423E+002
1804.0000,1.3991E+002
1805.0000,2.4039E+002
1806.0000,1.6014E+002
1807.0000,2.6137E+002
1808.0000,2.8376E+002
1809.0000,2.7192E+002
1810.0000,2.2642E+002
1811.0000,0.0000E+000
1812.0000,0.0000E+000
1813.0000,0.0000E+000
1814.0000,0.0000E+000
1815.0000,0.0000E+000
1816.0000,0.0000E+000
1817.0000,0.0000E+000
1818.0000,0.0000E+000
1819.0000,0.0000E+000
1820.0000,0.0000E+000
1821.0000,0.0000E+000
1822.0000,0.0000E+000
1823.0000,0.0000E+000
1824.0000,0.0000E+000
1825.0000,0.0000E+000
1826.0000,0.0000E+000
1827.0000,0.0000E+000
1828.0000,0.0000E+000
1829.0000,0.0000E+000
1830.0000,0.0000E+000
1831.0000,0.0000E+000
1832.0000,0.0000E+000
1833.0000,0.0000E+000
1834.0000,0.0000E+000
1835.0000,0.0000E+000
1836.0000,0.0000E+000
1837.0000,0.0000E+000
1838.0000,0.0000E+000
1839.0000,0.0000E+000
1840.0000,0.0000E+000
1841.0000,0.0000E+000
1842.0000,0.0000E+000
1843.0000,0.0000E+000
1844.0000,0.0000E+000
1845.0000,0.0000E+000
1846.0000,0.0000E+000
1847.0000,0.0000E+000
1848.0000,0.0000E+000
1849.0000,0.0000E+000
1850.0000,0.0000E+000
1851.0000,0.0000E+000
1852.0000,0.0000E+000
1853.0000,0.0000E+000
1854.0000,0.0000E+000
1855.0000,0.0000E+000
1856.0000,0.0000E+000
1857.0000,0.0000E+000
1858.0000,0.0000E+000
1859.0000,0.0000E+000
1860.0000,0.0000E+000
1861.0000,0.0000E+000
1862.0000,0.0000E+000
1863.0000,0.0000E+000
1864.0000,0.0000E+000
1865.0000,0.0000E+000
1866.0000,0.0000E+000
1867.0000,0.0000E+000
1868.0000,0.0000E+000
1869.0000,0.0000E+000
1870.0000,0.0000E+000
1871.0000,0.0000E+000
1872.0000,0.0000E+000
1873.0000,0.0000E+000
1874.0000,0.0000E+000
1875.0000,0.0000E+000
1876.0000,0.0000E+000
1877.0000,0.0000E+000
1878.0000,0.0000E+000
1879.0000,0.0000E+000
1880.0000,0.0000E+000
1881.0000,0.0000E+000
1882.0000,0.0000E+000
1883.0000,0.0000E+000
1884.0000,0.0000E+000
1885.0000,0.0000E+000
1886.0000,0.0000E+000
1887.0000,0.0000E+000
1888.0000,0.0000E+000
1889.0000,0.0000E+000
1890.0000,0.0000E+000
1891.0000,0.0000E+000
1892.0000,0.0000E+000
1893.0000,0.0000E+000
1894.0000,0.0000E+000
1895.0000,0.0000E+000
1896.0000,0.0000E+000
1897.0000,0.0000E+000
1898.0000,2.3147E+002
1899.0000,0.0000E+000
1900.0000,0.0000E+000
1901.0000,0.0000E+000
1902.0000,0.0000E+000
1903.0000,3.1794E+002
1904.0000,0.0000E+000
1905.0000,0.0000E+000
1906.0000,2.4865E+002
1907.0000,0.0000E+000
1908.0000,0.0000E+000
1909.0000,0.0000E+000
1910.0000,0.0000E+000
1911.0000,3.1408E+002
1912.0000,3.3089E+002
1913.0000,2.9034E+002
1914.0000,2.1927E+002
1915.0000,2.5184E+002
1916.0000,2.8823E+002
1917.0000,0.0000E+000
1918.0000,3.0330E+002
1919.0000,0.0000E+000
1920.0000,0.0000E+000
1921.0000,2.2326E+002
1922.0000,3.0137E+002
1923.0000,3.1343E+002
1924.0000,2.5525E+002
1925.0000,2.5885E+002
1926.0000,2.2976E+002
1927.0000,2.6655E+002
1928.0000,3.6999E+002
1929.0000,3.4939E+002
1930.0000,2.5750E+002
1931.0000,2.2407E+002
1932.0000,2.8681E+002
1933.0000,2.4103E+002
1934.0000,2.4442E+002
1935.0000,2.6475E+002
1936.0000,3.7496E+002
1937.0000,2.9918E+002
1938.0000,2.3631E+002
1939.0000,3.3098E+002
1940.0000,3.5095E+002
1941.0000,2.5512E+002
1942.0000,2.7345E+002
1943.0000,3.2450E+002
1944.0000,3.0812E+002
1945.0000,3.3999E+002
1946.0000,3.2605E+002
1947.0000,3.0747E+002
1948.0000,2.8671E+002
1949.0000,2.7430E+002
1950.0000,2.7661E+002
1951.0000,2.4536E+002
1952.0000,3.0157E+002
1953.0000,3.2702E+002
1954.0000,3.7931E+002
1955.0000,2.7987E+002
1956.0000,2.9882E+002
1957.0000,3.7109E+002
1958.0000,3.9216E+002
1959.0000,2.6615E+002
1960.0000,3.2729E+002
1961.0000,3.2307E+002
1962.0000,2.8524E+002
1963.0000,2.4808E+002
1964.0000,2.6513E+002
1965.0000,3.3679E+002
1966.0000,3.5599E+002
1967.0000,2.8780E+002
1968.0000,3.0708E+002
1969.0000,2.7807E+002
1970.0000,2.8977E+002
1971.0000,3.3177E+002
1972.0000,3.9975E+002
1973.0000,3.6144E+002
1974.0000,3.5759E+002
1975.0000,2.9467E+002
1976.0000,2.9478E+002
1977.0000,3.5475E+002
1978.0000,4.0235E+002
1979.0000,3.6612E+002
1980.0000,3.2198E+002
1981.0000,2.8467E+002
1982.0000,3.1786E+002
1983.0000,3.3116E+002
1984.0000,3.5435E+002
1985.0000,2.9826E+002
1986.0000,3.1559E+002
1987.0000,3.8285E+002
1988.0000,3.1802E+002
1989.0000,2.7677E+002
1990.0000,2.7295E+002
1991.0000,3.3680E+002
1992.0000,3.3013E+002
1993.0000,3.9307E+002
1994.0000,4.0837E+002
1995.0000,3.8930E+002
1996.0000,3.9119E+002
1997.0000,3.6754E+002
1998.0000,3.3549E+002
1999.0000,3.4906E+002
2000.0000,4.0134E+002
2001.0000,4.0615E+002
2002.0000,3.8495E+002
2003.0000,3.5010E+002
2004.0000,3.8255E+002
2005.0000,3.9925E+002
2006.0000,3.8390E+002
2007.0000,4.0571E+002
2008.0000,3.6403E+002
2009.0000,3.4853E+002
2010.0000,3.3760E+002
2011.0000,2.9704E+002
2012.0000,3.3630E+002
2013.0000,3.9786E+002
2014.0000,3.7632E+002
2015.0000,3.4040E+002
2016.0000,3.5231E+002
2017.0000,3.2197E+002
2018.0000,3.5593E+002
2019.0000,3.8293E+002
2020.0000,3.2729E+002
2021.0000,2.9148E+002
2022.0000,3.3661E+002
2023.0000,3.7517E+002
2024.0000,3.4654E+002
2025.0000,3.6488E+002
2026.0000,3.2122E+002
2027.0000,3.4260E+002
2028.0000,3.7796E+002
2029.0000,3.6007E+002
2030.0000,3.6974E+002
2031.0000,3.0673E+002
2032.0000,3.5437E+002
2033.0000,3.7655E+002
2034.0000,3.6529E+002
2035.0000,3.6620E+002
2036.0000,3.1710E+002
2037.0000,3.1399E+002
2038.0000,3.2526E+002
2039.0000,3.2950E+002
2040.0000,3.3653E+002
2041.0000,3.5536E+002
2042.0000,3.4797E+002
2043.0000,3.1747E+002
2044.0000,3.3142E+002
2045.0000,3.1789E+002
2046.0000,3.4168E+002
2047.0000,3.2037E+002
2048.0000,3.6489E+002
2049.0000,3.2934E+002
2050.0000,2.9632E+002
2051.0000,3.2479E+002
2052.0000,2.8907E+002
2053.0000,3.4611E+002
2054.0000,3.9789E+002
2055.0000,3.5383E+002
2056.0000,3.8881E+002
2057.0000,3.4246E+002
2058.0000,3.4941E+002
2059.0000,3.9612E+002
2060.0000,4.0317E+002
2061.0000,3.7910E+002
2062.0000,3.7020E+002
2063.0000,4.1714E+002
2064.0000,3.7234E+002
2065.0000,3.2095E+002
2066.0000,3.7540E+002
2067.0000,3.7756E+002
2068.0000,3.5785E+002
2069.0000,3.3620E+002
2070.0000,3.3884E+002
2071.0000,3.1553E+002
2072.0000,3.5472E+002
2073.0000,3.9503E+002
2074.0000,3.6729E+002
2075.0000,2.9548E+002
2076.0000,3.0256E+002
2077.0000,3.5128E+002
2078.0000,3.7191E+002
2079.0000,3.4924E+002
2080.0000,3.4101E+002
2081.0000,3.0834E+002
2082.0000,2.4880E+002
2083.0000,3.2104E+002
2084.0000,2.6537E+002
2085.0000,2.6606E+002
2086.0000,3.1845E+002
2087.0000,2.8322E+002
2088.0000,3.2276E+002
2089.0000,3.2230E+002
2090.0000,2.6341E+002
2091.0000,2.7816E+002
2092.0000,2.8529E+002
2093.0000,3.4410E+002
2094.0000,2.9211E+002
2095.0000,3.1650E+002
2096.0000,3.3468E+002
2097.0000,3.2539E+002
2098.0000,2.8585E+002
2099.0000,2.6927E+002
2100.0000,3.5542E+002
2101.0000,3.6708E+002
2102.0000,3.1469E+002
2103.0000,3.1043E+002
2104.0000,3.2763E+002
2105.0000,2.9026E+002
2106.0000,3.1557E+002
2107.0000,2.6442E+002
2108.0000,2.4323E+002
2109.0000,2.9841E+002
2110.0000,2.3841E+002
2111.0000,3.5456E+002
2112.0000,3.8229E+002
2113.0000,3.5884E+002
2114.0000,3.4977E+002
2115.0000,2.8207E+002
2116.0000,2.9609E+002
2117.0000,2.3592E+002
2118.0000,2.7791E+002
2119.0000,3.3375E+002
2120.0000,2.3349E+002
2121.0000,2.3636E+002
2122.0000,3.4704E+002
2123.0000,3.0655E+002
2124.0000,2.4638E+002
2125.0000,3.0341E+002
2126.0000,3.4884E+002
2127.0000,3.2377E+002
2128.0000,2.6445E+002
2129.0000,3.1630E+002
2130.0000,2.0340E+002
2131.0000,2.0695E+002
2132.0000,2.5706E+002
2133.0000,3.5469E+002
2134.0000,2.3598E+002
2135.0000,3.4278E+002
2136.0000,2.8813E+002
2137.0000,3.1503E+002
2138.0000,2.7602E+002
2139.0000,3.1697E+002
2140.0000,3.2021E+002
2141.0000,2.5422E+002
2142.0000,2.5961E+002
2143.0000,2.1594E+002
2144.0000,1.8024E+002
2145.0000,2.7047E+002
2146.0000,1.7598E+002
2147.0000,2.0436E+002
2148.0000,2.4904E+002
2149.0000,2.5727E+002
2150.0000,1.6124E+002
2151.0000,2.5950E+002
2152.0000,2.7474E+002
2153.0000,3.4936E+002
2154.0000,2.7677E+002
2155.0000,1.8798E+002
2156.0000,2.8292E+002
2157.0000,1.8273E+002
2158.0000,2.6831E+002
2159.0000,2.4646E+002
2160.0000,1.9686E+002
2161.0000,1.4806E+002
2162.0000,2.1138E+002
2163.0000,1.7951E+002
2164.0000,2.8350E+002
2165.0000,2.5590E+002
2166.0000,1.9695E+002
2167.0000,2.8087E+002
2168.0000,2.9414E+002
2169.0000,2.0401E+002
2170.0000,2.3116E+002
2171.0000,2.0934E+002
2172.0000,2.2447E+002
2173.0000,2.5392E+002
2174.0000,2.9000E+002
2175.0000,3.4014E+002
2176.0000,2.6019E+002
2177.0000,2.0470E+002
2178.0000,2.0880E+002
2179.0000,2.0865E+002
2180.0000,3.0030E+002
2181.0000,2.8233E+002
2182.0000,3.2349E+002
2183.0000,3.0036E+002
2184.0000,2.9840E+002
2185.0000,2.6574E+002
2186.0000,3.0404E+002
2187.0000,2.0209E+002
2188.0000,2.0191E+002
2189.0000,1.7976E+002
2190.0000,1.4718E+002
2191.0000,1.6878E+002
2192.0000,0.0000E+000
2193.0000,0.0000E+000
2194.0000,0.0000E+000
2195.0000,0.0000E+000
2196.0000,0.0000E+000
2197.0000,0.0000E+000
2198.0000,0.0000E+000
2199.0000,0.0000E+000
2200.0000,0.0000E+000
2201.0000,0.0000E+000
2202.0000,0.0000E+000
2203.0000,0.0000E+000
2204.0000,0.0000E+000
2205.0000,0.0000E+000
2206.0000,0.0000E+000
2207.0000,0.0000E+000
2208.0000,0.0000E+000
2209.0000,0.0000E+000
2210.0000,0.0000E+000
2211.0000,0.0000E+000
2212.0000,0.0000E+000
2213.0000,0.0000E+000
2214.0000,0.0000E+000
2215.0000,0.0000E+000
2216.0000,0.0000E+000
2217.0000,0.0000E+000
2218.0000,0.0000E+000
2219.0000,0.0000E+000
2220.0000,0.0000E+000
2221.0000,0.0000E+000
2222.0000,0.0000E+000
2223.0000,0.0000E+000
2224.0000,0.0000E+000
2225.0000,0.0000E+000
2226.0000,0.0000E+000
2227.0000,0.0000E+000
2228.0000,0.0000E+000
2229.0000,0.0000E+000
2230.0000,0.0000E+000
2231.0000,0.0000E+000
2232.0000,0.0000E+000
2233.0000,0.0000E+000
2234.0000,0.0000E+000
2235.0000,0.0000E+000
2236.0000,0.0000E+000
2237.0000,0.0000E+000
2238.0000,0.0000E+000
2239.0000,0.0000E+000
2240.0000,0.0000E+000
2241.0000,0.0000E+000
2242.0000,0.0000E+000
2243.0000,0.0000E+000
2244.0000,0.0000E+000
2245.0000,0.0000E+000
2246.0000,0.0000E+000
2247.0000,0.0000E+000
2248.0000,0.0000E+000
2249.0000,0.0000E+000
2250.0000,0.0000E+000
2251.0000,0.0000E+000
2252.0000,0.0000E+000
2253.0000,0.0000E+000
2254.0000,0.0000E+000
2255.0000,0.0000E+000
2256.0000,0.0000E+000
2257.0000,0.0000E+000
2258.0000,0.0000E+000
2259.0000,0.0000E+000
2260.0000,2.3791E+002
2261.0000,0.0000E+000
2262.0000,2.3280E+002
2263.0000,2.6659E+002
2264.0000,2.3876E+002
2265.0000,2.6874E+002
2266.0000,2.8911E+002
2267.0000,0.0000E+000
2268.0000,2.8434E+002
2269.0000,3.0916E+002
2270.0000,2.9510E+002
2271.0000,2.4978E+002
2272.0000,3.0082E+002
2273.0000,1.9740E+002
2274.0000,3.1639E+002
2275.0000,2.2887E+002
2276.0000,2.6807E+002
2277.0000,1.8429E+002
2278.0000,1.9597E+002
2279.0000,2.3019E+002
2280.0000,2.8787E+002
2281.0000,2.4917E+002
2282.0000,2.7022E+002
2283.0000,2.8489E+002
2284.0000,2.1573E+002
2285.0000,2.9535E+002
2286.0000,2.4562E+002
2287.0000,3.2730E+002
2288.0000,3.3738E+002
2289.0000,3.1521E+002
2290.0000,3.2166E+002
2291.0000,2.3246E+002
2292.0000,2.5051E+002
2293.0000,3.3123E+002
2294.0000,2.3821E+002
2295.0000,2.5475E+002
2296.0000,2.5295E+002
2297.0000,2.8184E+002
2298.0000,3.0993E+002
2299.0000,2.8049E+002
2300.0000,3.5451E+002
2301.0000,2.8524E+002
2302.0000,2.7127E+002
2303.0000,2.4171E+002
2304.0000,2.0986E+002
2305.0000,3.2815E+002
2306.0000,2.3295E+002
2307.0000,2.4534E+002
2308.0000,2.6590E+002
2309.0000,2.6178E+002
2310.0000,2.6044E+002
2311.0000,2.7206E+002
2312.0000,3.1717E+002
2313.0000,2.8186E+002
2314.0000,3.3269E+002
2315.0000,3.4651E+002
2316.0000,3.3738E+002
2317.0000,3.6037E+002
2318.0000,3.3871E+002
2319.0000,3.2563E+002
2320.0000,3.3987E+002
2321.0000,3.4887E+002
2322.0000,3.2213E+002
2323.0000,2.8484E+002
2324.0000,2.4757E+002
2325.0000,3.7325E+002
2326.0000,3.2253E+002
2327.0000,3.8432E+002
2328.0000,3.2782E+002
2329.0000,3.0379E+002
2330.0000,3.0338E+002
2331.0000,2.5179E+002
2332.0000,2.7629E+002
2333.0000,2.6789E+002
2334.0000,3.3160E+002
2335.0000,3.8198E+002
2336.0000,3.3104E+002
2337.0000,3.3919E+002
2338.0000,3.3239E+002
2339.0000,3.1074E+002
2340.0000,3.8762E+002
2341.0000,2.5728E+002
2342.0000,2.3565E+002
2343.0000,2.5433E+002
2344.0000,2.8624E+002
2345.0000,3.3856E+002
2346.0000,3.7860E+002
2347.0000,2.8435E+002
2348.0000,3.1403E+002
2349.0000,3.6756E+002
2350.0000,3.2919E+002
2351.0000,3.5721E+002
2352.0000,3.1207E+002
2353.0000,3.7820E+002
2354.0000,3.3403E+002
2355.0000,4.0306E+002
2356.0000,3.6421E+002
2357.0000,3.3907E+002
2358.0000,3.1084E+002
2359.0000,3.4573E+002
2360.0000,3.3938E+002
2361.0000,2.7656E+002
2362.0000,3.6677E+002
2363.0000,3.2990E+002
2364.0000,3.8741E+002
2365.0000,3.1022E+002
2366.0000,3.3436E+002
2367.0000,3.8472E+002
2368.0000,3.5111E+002
2369.0000,3.0321E+002
2370.0000,3.5906E+002
2371.0000,3.7007E+002
2372.0000,3.5626E+002
2373.0000,2.8474E+002
2374.0000,2.8512E+002
2375.0000,3.0893E+002
2376.0000,3.3421E+002
2377.0000,3.3551E+002
2378.0000,3.9275E+002
2379.0000,3.6040E+002
2380.0000,3.6291E+002
2381.0000,3.7285E+002
2382.0000,3.2499E+002
2383.0000,3.5466E+002
2384.0000,3.9097E+002
2385.0000,3.9200E+002
2386.0000,3.2815E+002
2387.0000,3.1682E+002
2388.0000,3.9928E+002
2389.0000,3.8473E+002
2390.0000,4.0867E+002
2391.0000,3.1788E+002
2392.0000,3.3313E+002
2393.0000,3.1133E+002
2394.0000,3.4167E+002
2395.0000,3.2575E+002
2396.0000,3.7524E+002
2397.0000,3.3563E+002
2398.0000,3.5026E+002
2399.0000,3.4712E+002
2400.0000,3.9703E+002
2401.0000,3.1732E+002
2402.0000,3.2722E+002
2403.0000,3.1008E+002
2404.0000,3.3068E+002
2405.0000,3.6448E+002
2406.0000,3.0327E+002
2407.0000,3.0683E+002
2408.0000,3.5295E+002
2409.0000,3.3594E+002
2410.0000,4.0492E+002
2411.0000,3.7346E+002
2412.0000,3.7960E+002
2413.0000,3.4101E+002
2414.0000,3.1546E+002
2415.0000,3.3812E+002
2416.0000,3.7325E+002
2417.0000,3.8316E+002
2418.0000,3.6526E+002
2419.0000,3.5289E+002
2420.0000,3.8852E+002
2421.0000,4.0064E+002
2422.0000,3.4366E+002
2423.0000,2.9375E+002
2424.0000,3.2055E+002
2425.0000,3.3273E+002
2426.0000,3.2381E+002
2427.0000,3.3915E+002
2428.0000,3.5770E+002
2429.0000,2.9941E+002
2430.0000,3.1284E+002
2431.0000,3.8875E+002
2432.0000,3.3505E+002
2433.0000,3.3037E+002
2434.0000,3.6814E+002
2435.0000,3.7196E+002
2436.0000,3.6985E+002
2437.0000,3.7110E+002
2438.0000,3.7939E+002
2439.0000,3.6910E+002
2440.0000,3.7699E+002
2441.0000,4.2347E+002
2442.0000,3.2307E+002
2443.0000,3.0016E+002
2444.0000,3.0186E+002
2445.0000,3.3793E+002
2446.0000,2.8299E+002
2447.0000,2.7989E+002
2448.0000,3.3576E+002
2449.0000,3.1937E+002
2450.0000,3.3039E+002
2451.0000,4.1855E+002
2452.0000,3.7971E+002
2453.0000,2.7473E+002
2454.0000,2.9105E+002
2455.0000,2.9150E+002
2456.0000,3.3185E+002
2457.0000,3.1426E+002
2458.0000,3.3363E+002
2459.0000,3.2479E+002
2460.0000,3.0824E+002
2461.0000,3.8846E+002
2462.0000,3.5087E+002
2463.0000,2.5495E+002
2464.0000,2.7577E+002
2465.0000,2.5187E+002
2466.0000,2.5528E+002
2467.0000,2.6873E+002
2468.0000,3.4913E+002
2469.0000,3.6409E+002
2470.0000,3.7364E+002
2471.0000,2.8118E+002
2472.0000,3.1249E+002
2473.0000,2.8425E+002
2474.0000,2.8704E+002
2475.0000,3.1601E+002
2476.0000,3.4528E+002
2477.0000,2.4929E+002
2478.0000,2.5690E+002
2479.0000,2.4807E+002
2480.0000,2.3696E+002
2481.0000,2.4515E+002
2482.0000,2.5236E+002
2483.0000,3.0244E+002
2484.0000,3.5827E+002
2485.0000,2.9744E+002
2486.0000,2.7410E+002
2487.0000,3.3657E+002
2488.0000,2.5110E+002
2489.0000,2.5822E+002
2490.0000,3.0141E+002
2491.0000,3.5820E+002
2492.0000,2.7821E+002
2493.0000,2.6522E+002
2494.0000,3.0636E+002
2495.0000,2.6283E+002
2496.0000,2.9941E+002
2497.0000,2.8799E+002
2498.0000,2.7866E+002
2499.0000,3.0399E+002
2500.0000,3.6941E+002
2501.0000,2.9614E+002
2502.0000,2.2093E+002
2503.0000,2.2119E+002
2504.0000,2.2856E+002
2505.0000,2.9249E+002
2506.0000,3.4682E+002
2507.0000,3.1352E+002
2508.0000,2.0834E+002
2509.0000,2.5351E+002
2510.0000,3.3394E+002
2511.0000,3.4494E+002
2512.0000,3.7022E+002
2513.0000,3.2480E+002
2514.0000,2.1169E+002
2515.0000,2.7627E+002
2516.0000,1.6919E+002
2517.0000,2.7429E+002
2518.0000,2.1544E+002
2519.0000,2.2413E+002
2520.0000,3.3565E+002
2521.0000,3.4119E+002
2522.0000,2.4430E+002
2523.0000,2.0438E+002
2524.0000,3.0339E+002
2525.0000,3.1820E+002
2526.0000,3.0636E+002
2527.0000,2.1682E+002
2528.0000,2.1995E+002
2529.0000,2.1669E+002
2530.0000,2.2918E+002
2531.0000,2.7113E+002
2532.0000,2.3048E+002
2533.0000,3.1181E+002
2534.0000,2.5462E+002
2535.0000,2.3863E+002
2536.0000,3.4256E+002
2537.0000,3.3514E+002
2538.0000,3.7285E+002
2539.0000,3.1089E+002
2540.0000,2.3592E+002
2541.0000,2.9797E+002
2542.0000,2.1406E+002
2543.0000,2.3421E+002
2544.0000,2.1119E+002
2545.0000,3.2984E+002
2546.0000,3.2120E+002
2547.0000,2.6003E+002
2548.0000,2.9066E+002
2549.0000,2.6817E+002
2550.0000,2.2726E+002
2551.0000,2.7172E+002
2552.0000,2.0334E+002
2553.0000,2.9058E+002
2554.0000,2.7626E+002
