"",25.000
0.0000,0.0000E+000
1.0000,0.0000E+000
2.0000,0.0000E+000
3.0000,0.0000E+000
4.0000,0.0000E+000
5.0000,0.0000E+000
6.0000,0.0000E+000
7.0000,0.0000E+000
8.0000,0.0000E+000
9.0000,0.0000E+000
10.0000,0.0000E+000
11.0000,0.0000E+000
12.0000,0.0000E+000
13.0000,0.0000E+000
14.0000,0.0000E+000
15.0000,0.0000E+000
16.0000,0.0000E+000
17.0000,0.0000E+000
18.0000,0.0000E+000
19.0000,0.0000E+000
20.0000,0.0000E+000
21.0000,0.0000E+000
22.0000,0.0000E+000
23.0000,0.0000E+000
24.0000,0.0000E+000
25.0000,0.0000E+000
26.0000,0.0000E+000
27.0000,0.0000E+000
28.0000,0.0000E+000
29.0000,0.0000E+000
30.0000,0.0000E+000
31.0000,0.0000E+000
32.0000,0.0000E+000
33.0000,0.0000E+000
34.0000,0.0000E+000
35.0000,0.0000E+000
36.0000,0.0000E+000
37.0000,1.4476E+001
38.0000,0.0000E+000
39.0000,0.0000E+000
40.0000,5.6138E+001
41.0000,1.8905E+001
42.0000,5.5230E+000
43.0000,0.0000E+000
44.0000,0.0000E+000
45.0000,0.0000E+000
46.0000,0.0000E+000
47.0000,0.0000E+000
48.0000,0.0000E+000
49.0000,0.0000E+000
50.0000,0.0000E+000
51.0000,0.0000E+000
52.0000,0.0000E+000
53.0000,0.0000E+000
54.0000,0.0000E+000
55.0000,0.0000E+000
56.0000,0.0000E+000
57.0000,0.0000E+000
58.0000,0.0000E+000
59.0000,0.0000E+000
60.0000,0.0000E+000
61.0000,0.0000E+000
62.0000,0.0000E+000
63.0000,0.0000E+000
64.0000,1.8482E+001
65.0000,6.1413E+000
66.0000,4.6561E+000
67.0000,0.0000E+000
68.0000,9.0089E+000
69.0000,0.0000E+000
70.0000,0.0000E+000
71.0000,0.0000E+000
72.0000,0.0000E+000
73.0000,0.0000E+000
74.0000,2.5995E+001
75.0000,6.0700E+001
76.0000,5.5626E+001
77.0000,1.3262E+001
78.0000,-1.1922E+001
79.0000,-5.0181E-002
80.0000,1.1659E+001
81.0000,4.5596E+001
82.0000,6.4293E+001
83.0000,5.4144E+001
84.0000,5.6577E+000
85.0000,8.6907E+000
86.0000,-1.8917E+001
87.0000,-4.3675E+001
88.0000,-2.6559E+001
89.0000,-2.4243E+001
90.0000,-7.1285E+000
91.0000,-7.6821E+000
92.0000,1.5558E+000
93.0000,-8.9528E+000
94.0000,2.2714E+000
95.0000,-3.2675E+001
96.0000,-3.8199E+001
97.0000,-2.0805E+001
98.0000,-1.6224E+001
99.0000,-1.6271E+001
100.0000,-1.7628E+001
101.0000,-2.3353E+001
102.0000,-1.7734E+001
103.0000,-7.3929E+000
104.0000,-1.2022E+001
105.0000,-5.9933E-001
106.0000,-6.0130E+000
107.0000,8.4651E+000
108.0000,1.0783E+001
109.0000,-1.0085E+001
110.0000,-2.9543E+001
111.0000,-2.2969E+001
112.0000,-9.7507E+000
113.0000,1.7736E+001
114.0000,8.0866E+001
115.0000,-1.8847E+000
116.0000,7.8383E+001
117.0000,-4.2497E+000
118.0000,-1.3041E+001
119.0000,-1.6848E+000
120.0000,1.1957E+001
121.0000,-1.5824E+001
122.0000,-2.3983E+001
123.0000,-5.3837E+000
124.0000,-2.2128E+001
125.0000,-2.1373E+001
126.0000,1.4771E+000
127.0000,-1.6965E+001
128.0000,-4.1390E+001
129.0000,-3.5573E+001
130.0000,-3.9723E+001
131.0000,-4.2564E+001
132.0000,-4.8269E+001
133.0000,1.3297E+001
134.0000,-1.7313E+001
135.0000,-7.3091E+000
136.0000,-6.9371E+001
137.0000,-4.4676E+001
138.0000,-3.4367E+001
139.0000,9.7892E+000
140.0000,-2.7580E+000
141.0000,-6.0959E+000
142.0000,-2.1625E+001
143.0000,-1.2905E+001
144.0000,-5.8459E+001
145.0000,-4.1493E+001
146.0000,-2.7549E+001
147.0000,-5.0943E+001
148.0000,-1.6069E+001
149.0000,-2.6802E+001
150.0000,-5.8273E+001
151.0000,-2.2600E+001
152.0000,-4.9995E+001
153.0000,-2.7310E+001
154.0000,-3.3104E+001
155.0000,-5.8671E+001
156.0000,-3.5995E+001
157.0000,-4.1602E+001
158.0000,-4.3719E+001
159.0000,-2.6028E+001
160.0000,-2.9816E+001
161.0000,-2.5642E+001
162.0000,-2.3505E+001
163.0000,-3.1067E+001
164.0000,-3.4330E+001
165.0000,-4.2237E+001
166.0000,-5.8229E+001
167.0000,-3.0015E+001
168.0000,-3.2552E+001
169.0000,-3.5337E+000
170.0000,-1.1543E+001
171.0000,-1.2482E+001
172.0000,-1.7738E+001
173.0000,-1.6541E+001
174.0000,-2.0979E+001
175.0000,-3.2248E+001
176.0000,-2.7456E+001
177.0000,-5.0390E+001
178.0000,-2.7647E+001
179.0000,-5.4817E+001
180.0000,-5.1326E+001
181.0000,-3.7205E+001
182.0000,-3.3325E+001
183.0000,-1.7870E+001
184.0000,-2.0477E+001
185.0000,-2.6787E+001
186.0000,-3.4165E+001
187.0000,-2.8316E+001
188.0000,-4.7349E+001
189.0000,-4.5503E+001
190.0000,-3.8060E+001
191.0000,-8.0178E+000
192.0000,-4.9615E+001
193.0000,-3.0368E+001
194.0000,-4.1283E+001
195.0000,-3.5717E+001
196.0000,-4.2610E+001
197.0000,-7.2018E+001
198.0000,-4.8856E+001
199.0000,-3.1208E+001
200.0000,-2.9908E+001
201.0000,-3.1676E+001
202.0000,-2.5676E+001
203.0000,-3.0639E+001
204.0000,-3.8273E+001
205.0000,-1.9145E+001
206.0000,-3.1352E+001
207.0000,-2.4842E+001
208.0000,-2.1606E+001
209.0000,-4.8125E+001
210.0000,-6.0268E+001
211.0000,-3.6092E+001
212.0000,-5.7198E+001
213.0000,-6.2737E+001
214.0000,-5.1268E+001
215.0000,-1.6288E+001
216.0000,-5.0366E+001
217.0000,-4.4714E+001
218.0000,-3.5776E+001
219.0000,-2.7732E+001
220.0000,9.1790E+000
221.0000,-7.7656E+000
222.0000,-3.3236E+001
223.0000,-2.5585E+001
224.0000,-4.1227E+001
225.0000,-3.1677E+001
226.0000,-3.0726E+001
227.0000,-3.6597E+001
228.0000,-1.3007E+001
229.0000,-1.9341E+001
230.0000,-4.7167E+001
231.0000,-2.7990E+001
232.0000,-4.4898E+001
233.0000,-3.9871E+001
234.0000,-2.5032E+001
235.0000,-4.0880E+001
236.0000,-4.1969E+001
237.0000,-9.9364E+000
238.0000,-2.6043E+001
239.0000,-3.7635E+001
240.0000,-4.1263E+001
241.0000,-7.2836E+001
242.0000,-3.9802E+001
243.0000,-5.0493E+001
244.0000,-5.7917E+001
245.0000,-3.2100E+001
246.0000,-1.8268E+001
247.0000,-2.4889E+001
248.0000,-3.1256E+001
249.0000,-2.2626E+001
250.0000,-4.1401E+001
251.0000,-2.2030E+001
252.0000,-2.6901E+001
253.0000,-2.6295E+001
254.0000,-3.1613E+001
255.0000,-2.2908E+001
256.0000,-3.7219E+001
257.0000,-3.1523E+001
258.0000,-1.2029E+001
259.0000,-6.6359E+001
260.0000,-5.2820E+001
261.0000,-1.9332E+001
262.0000,-5.7792E+001
263.0000,-1.5520E+001
264.0000,-2.6606E+001
265.0000,-1.0655E+001
266.0000,-6.3770E+000
267.0000,-2.9871E+001
268.0000,-3.1245E+001
269.0000,-3.3410E+001
270.0000,-8.8618E+001
271.0000,-1.0949E+002
272.0000,-4.7755E+001
273.0000,-7.1161E+001
274.0000,-7.3767E+001
275.0000,-4.1245E+001
276.0000,-4.2738E+001
277.0000,-3.9544E+001
278.0000,-3.4580E+001
279.0000,-9.9084E+001
280.0000,-4.8248E+001
281.0000,-4.6106E+001
282.0000,-5.8301E+001
283.0000,-9.3133E+001
284.0000,-5.0586E+001
285.0000,-6.2551E+001
286.0000,-5.0914E+001
287.0000,-3.8117E+001
288.0000,-3.4910E+001
289.0000,-3.7344E+001
290.0000,-3.3464E+001
291.0000,-4.9338E+001
292.0000,-9.5168E+000
293.0000,3.6509E-001
294.0000,6.4836E+000
295.0000,-7.7458E+001
296.0000,-5.8821E+001
297.0000,-2.6814E+001
298.0000,-4.6979E+000
299.0000,-2.0672E+001
300.0000,-2.7102E+001
301.0000,-8.6235E+000
302.0000,1.0045E+001
303.0000,-7.3319E+001
304.0000,-3.6788E+001
305.0000,-2.6018E+001
306.0000,-7.2716E+001
307.0000,-4.0928E+001
308.0000,-4.2680E+001
309.0000,-4.7268E+001
310.0000,2.1768E-001
311.0000,-4.5687E-001
312.0000,1.9863E+001
313.0000,-2.8051E+001
314.0000,-3.0221E+001
315.0000,-5.9280E+001
316.0000,-3.9843E+001
317.0000,-1.4102E+001
318.0000,-1.2318E+001
319.0000,-2.8807E+001
320.0000,-5.0180E+001
321.0000,-3.4894E+001
322.0000,-1.0675E+001
323.0000,-1.9810E+001
324.0000,-5.3095E+000
325.0000,-1.5127E+001
326.0000,-1.7205E+001
327.0000,-2.3581E+001
328.0000,-9.3907E+000
329.0000,-3.7712E+001
330.0000,-6.7972E+001
331.0000,-5.5636E+001
332.0000,-2.0313E+001
333.0000,-3.6473E+001
334.0000,-3.5200E+001
335.0000,-2.7935E+001
336.0000,-5.5779E+001
337.0000,-7.5315E+001
338.0000,-7.9338E+001
339.0000,-6.2964E+001
340.0000,-4.7769E+001
341.0000,-4.2538E+001
342.0000,-7.3506E+001
343.0000,-1.8568E+002
344.0000,-1.5610E+002
345.0000,-1.3551E+002
346.0000,-3.7259E+001
347.0000,-5.3038E+001
348.0000,-9.2615E+001
349.0000,-1.5792E+002
350.0000,-1.1694E+002
351.0000,-7.0748E+001
352.0000,-4.5616E+001
353.0000,-2.9659E+001
354.0000,-3.4452E+001
355.0000,-2.5765E+001
356.0000,-3.8352E+001
357.0000,-5.0834E+001
358.0000,-3.1400E+001
359.0000,-7.1891E+001
360.0000,-3.4516E+001
361.0000,-5.0097E+001
362.0000,-9.7976E+001
363.0000,-8.5976E+001
364.0000,-2.3955E+001
365.0000,-1.0332E+002
366.0000,-1.2791E+002
367.0000,0.0000E+000
368.0000,0.0000E+000
369.0000,0.0000E+000
370.0000,0.0000E+000
371.0000,0.0000E+000
372.0000,0.0000E+000
373.0000,0.0000E+000
374.0000,0.0000E+000
375.0000,0.0000E+000
376.0000,0.0000E+000
377.0000,0.0000E+000
378.0000,0.0000E+000
379.0000,0.0000E+000
380.0000,0.0000E+000
381.0000,0.0000E+000
382.0000,0.0000E+000
383.0000,0.0000E+000
384.0000,0.0000E+000
385.0000,0.0000E+000
386.0000,0.0000E+000
387.0000,0.0000E+000
388.0000,9.0001E+000
389.0000,0.0000E+000
390.0000,0.0000E+000
391.0000,0.0000E+000
392.0000,0.0000E+000
393.0000,0.0000E+000
394.0000,0.0000E+000
395.0000,0.0000E+000
396.0000,0.0000E+000
397.0000,0.0000E+000
398.0000,0.0000E+000
399.0000,0.0000E+000
400.0000,0.0000E+000
401.0000,0.0000E+000
402.0000,0.0000E+000
403.0000,0.0000E+000
404.0000,0.0000E+000
405.0000,0.0000E+000
406.0000,0.0000E+000
407.0000,0.0000E+000
408.0000,0.0000E+000
409.0000,0.0000E+000
410.0000,0.0000E+000
411.0000,0.0000E+000
412.0000,0.0000E+000
413.0000,0.0000E+000
414.0000,0.0000E+000
415.0000,0.0000E+000
416.0000,0.0000E+000
417.0000,0.0000E+000
418.0000,0.0000E+000
419.0000,0.0000E+000
420.0000,0.0000E+000
421.0000,0.0000E+000
422.0000,0.0000E+000
423.0000,0.0000E+000
424.0000,0.0000E+000
425.0000,0.0000E+000
426.0000,0.0000E+000
427.0000,0.0000E+000
428.0000,0.0000E+000
429.0000,0.0000E+000
430.0000,0.0000E+000
431.0000,0.0000E+000
432.0000,0.0000E+000
433.0000,2.6396E+001
434.0000,3.5966E+001
435.0000,3.6256E+001
436.0000,7.9339E+001
437.0000,7.1059E+001
438.0000,4.4093E+001
439.0000,3.3044E+001
440.0000,3.2200E+001
441.0000,4.1604E+001
442.0000,2.1190E+001
443.0000,2.0090E+000
444.0000,-8.1723E+000
445.0000,-8.7570E+000
446.0000,-7.0655E+000
447.0000,7.6926E+000
448.0000,9.5024E+000
449.0000,-2.4327E+001
450.0000,-2.4484E+001
451.0000,-1.8735E+000
452.0000,8.0968E+000
453.0000,-4.1685E+000
454.0000,5.1926E+001
455.0000,3.5481E+001
456.0000,9.8518E+001
457.0000,7.3679E+001
458.0000,6.5517E+000
459.0000,2.0433E+001
460.0000,5.0885E+000
461.0000,1.2970E+001
462.0000,-4.1611E+001
463.0000,-2.2167E+001
464.0000,-1.2530E+001
465.0000,5.2559E+000
466.0000,-5.5655E+000
467.0000,1.3743E+000
468.0000,8.0797E+000
469.0000,2.2377E+001
470.0000,3.0971E+001
471.0000,-3.3381E+001
472.0000,-2.1169E+001
473.0000,-3.4723E+001
474.0000,-3.1032E+001
475.0000,-1.9666E+001
476.0000,-5.2283E+001
477.0000,-3.9888E+001
478.0000,-1.7613E+001
479.0000,-2.3890E+001
480.0000,-2.1548E+001
481.0000,-3.5683E+001
482.0000,-2.8439E+001
483.0000,-3.5384E+001
484.0000,2.3898E+001
485.0000,2.0168E+001
486.0000,-1.5241E+001
487.0000,-7.3631E+000
488.0000,-2.1082E+001
489.0000,-6.6567E-002
490.0000,-3.7072E+001
491.0000,-3.7720E+001
492.0000,-5.0702E+001
493.0000,-4.5908E+001
494.0000,-2.8312E+001
495.0000,-6.1853E+001
496.0000,-3.3613E+001
497.0000,-4.0028E+001
498.0000,-1.5786E+001
499.0000,-1.5772E+001
500.0000,-3.8823E+001
501.0000,-3.6805E+001
502.0000,-2.4853E+001
503.0000,-1.0942E+001
504.0000,-1.1485E+001
505.0000,-1.4353E+001
506.0000,-1.2012E+001
507.0000,-5.0866E+000
508.0000,1.4785E+001
509.0000,7.0607E+000
510.0000,-1.9039E+001
511.0000,-2.9664E+001
512.0000,-4.6113E+001
513.0000,-3.6189E+001
514.0000,-4.4045E+001
515.0000,-2.2546E+001
516.0000,-4.4485E+001
517.0000,-3.0845E+001
518.0000,-5.0676E+001
519.0000,-4.0259E+001
520.0000,-1.3500E+001
521.0000,-6.2050E+001
522.0000,-2.7701E+001
523.0000,-4.9936E+001
524.0000,-1.9521E+001
525.0000,-4.1203E+001
526.0000,-3.9598E+001
527.0000,2.4407E+000
528.0000,-1.9446E+001
529.0000,-2.9335E+001
530.0000,-4.3539E+001
531.0000,-2.8514E+001
532.0000,-3.9729E+001
533.0000,-2.4541E+001
534.0000,-1.7042E+001
535.0000,-3.2363E+001
536.0000,-4.0147E+001
537.0000,-1.7524E+001
538.0000,-2.7299E+001
539.0000,-4.4869E+001
540.0000,-4.5302E+001
541.0000,-3.1464E+001
542.0000,-2.8402E+001
543.0000,-3.8458E+001
544.0000,-5.9262E+001
545.0000,-4.4514E+001
546.0000,-5.9354E+001
547.0000,-7.2479E+001
548.0000,-5.9582E+001
549.0000,-3.4455E+001
550.0000,-1.4353E+001
551.0000,-1.4049E+001
552.0000,-1.6542E+001
553.0000,-2.2467E+001
554.0000,-4.0442E+001
555.0000,-4.8149E+001
556.0000,-5.4611E+001
557.0000,-4.0970E+001
558.0000,-3.0488E+001
559.0000,-4.3460E+001
560.0000,-9.9915E+000
561.0000,-5.0685E+001
562.0000,-3.4264E+001
563.0000,-4.0753E+001
564.0000,-4.9233E+001
565.0000,-3.2197E+001
566.0000,-4.1364E+001
567.0000,-2.8547E+001
568.0000,-1.5191E+001
569.0000,-2.3614E+001
570.0000,-4.4901E+001
571.0000,-5.3425E+001
572.0000,-5.9844E+001
573.0000,-3.2023E+001
574.0000,-6.2235E+001
575.0000,-3.3929E+001
576.0000,-3.8988E+001
577.0000,-4.2916E+001
578.0000,-3.1399E+001
579.0000,-2.6377E+001
580.0000,-2.7619E+001
581.0000,-4.5743E+001
582.0000,-6.5626E+001
583.0000,-3.1549E+001
584.0000,-3.6192E+001
585.0000,-3.9559E+000
586.0000,-7.4957E+000
587.0000,-2.7531E+001
588.0000,-2.6317E+001
589.0000,-3.5059E+001
590.0000,-2.3308E+001
591.0000,-2.9024E+001
592.0000,-6.9327E+001
593.0000,-5.8406E+001
594.0000,-3.8632E+001
595.0000,-3.6978E+001
596.0000,-1.3749E+001
597.0000,-1.1240E+001
598.0000,-1.1289E+001
599.0000,-4.1509E+001
600.0000,-4.6693E+001
601.0000,-6.2835E+001
602.0000,-6.6207E+001
603.0000,-5.4404E+001
604.0000,-3.6128E+001
605.0000,-4.0305E+001
606.0000,-9.6846E+000
607.0000,-1.5447E+001
608.0000,-2.2962E+000
609.0000,-2.0231E+001
610.0000,-5.7535E+001
611.0000,-1.0717E+002
612.0000,-4.9297E+001
613.0000,-3.0837E+001
614.0000,-4.1685E+000
615.0000,-5.3087E+001
616.0000,-4.7323E+001
617.0000,-4.8984E+001
618.0000,-2.6811E+001
619.0000,-4.0768E+001
620.0000,-1.9591E+001
621.0000,-2.5604E+001
622.0000,-4.3963E+001
623.0000,-1.9301E+001
624.0000,-3.8046E+001
625.0000,-1.9201E+001
626.0000,-3.5000E+001
627.0000,-2.1799E+001
628.0000,1.3769E+001
629.0000,-4.6591E+000
630.0000,-8.1705E+000
631.0000,5.5611E+001
632.0000,-5.2402E+001
633.0000,-3.9963E+001
634.0000,-3.8508E+001
635.0000,-3.4349E+001
636.0000,-1.5157E+001
637.0000,-1.4164E+001
638.0000,-5.0601E+001
639.0000,-6.2231E+001
640.0000,-8.3772E+001
641.0000,-4.5259E+001
642.0000,-4.2453E+001
643.0000,-3.7553E+001
644.0000,-3.3228E+001
645.0000,-3.5283E+001
646.0000,-1.2469E+001
647.0000,-5.4628E+000
648.0000,-2.0464E+000
649.0000,-1.7649E+001
650.0000,-1.7780E+001
651.0000,-6.2871E+001
652.0000,-5.2737E+001
653.0000,-3.8305E+001
654.0000,-4.4101E+001
655.0000,-3.0643E+001
656.0000,-5.9643E+001
657.0000,-5.1339E+001
658.0000,-3.4318E+001
659.0000,-4.6598E+001
660.0000,-2.1442E+001
661.0000,-1.3388E+000
662.0000,-3.4699E+000
663.0000,1.5080E+001
664.0000,-6.4678E+001
665.0000,-1.0870E+002
666.0000,-9.5885E+001
667.0000,-6.2186E+001
668.0000,-5.7955E+001
669.0000,-4.7923E+001
670.0000,-4.8161E+001
671.0000,-5.5463E+001
672.0000,-5.1314E+001
673.0000,-7.9665E+001
674.0000,-5.5362E+001
675.0000,-6.2974E+001
676.0000,-2.9198E+001
677.0000,-2.1237E+001
678.0000,-1.4390E+001
679.0000,8.5414E+000
680.0000,-2.0475E+001
681.0000,-3.7343E+001
682.0000,-7.3020E+001
683.0000,-3.8986E+001
684.0000,-2.3622E+001
685.0000,-1.4968E+001
686.0000,-6.9650E+001
687.0000,-5.9814E+001
688.0000,-7.1672E+001
689.0000,-7.1110E+001
690.0000,-1.0968E+000
691.0000,-8.6080E+001
692.0000,-7.3696E+001
693.0000,-4.5953E+001
694.0000,-1.4910E+002
695.0000,-1.0953E+002
696.0000,-6.6503E+001
697.0000,-5.6952E+001
698.0000,-6.8370E+000
699.0000,-9.2657E+001
700.0000,-7.9645E+001
701.0000,-5.5975E+001
702.0000,-5.1510E+001
703.0000,-7.6300E+001
704.0000,-1.2517E+002
705.0000,-1.1394E+002
706.0000,-1.0768E+002
707.0000,-7.3356E+001
708.0000,-4.8605E+001
709.0000,-4.2415E+001
710.0000,-5.9891E+001
711.0000,-2.1666E+002
712.0000,-1.3967E+002
713.0000,-9.5240E+001
714.0000,-5.6155E+001
715.0000,0.0000E+000
716.0000,0.0000E+000
717.0000,0.0000E+000
718.0000,0.0000E+000
719.0000,0.0000E+000
720.0000,0.0000E+000
721.0000,0.0000E+000
722.0000,0.0000E+000
723.0000,0.0000E+000
724.0000,0.0000E+000
725.0000,0.0000E+000
726.0000,0.0000E+000
727.0000,0.0000E+000
728.0000,0.0000E+000
729.0000,1.5730E+001
730.0000,1.0336E+000
731.0000,0.0000E+000
732.0000,0.0000E+000
733.0000,0.0000E+000
734.0000,0.0000E+000
735.0000,0.0000E+000
736.0000,0.0000E+000
737.0000,0.0000E+000
738.0000,0.0000E+000
739.0000,0.0000E+000
740.0000,0.0000E+000
741.0000,0.0000E+000
742.0000,0.0000E+000
743.0000,0.0000E+000
744.0000,0.0000E+000
745.0000,0.0000E+000
746.0000,0.0000E+000
747.0000,0.0000E+000
748.0000,0.0000E+000
749.0000,0.0000E+000
750.0000,0.0000E+000
751.0000,0.0000E+000
752.0000,0.0000E+000
753.0000,0.0000E+000
754.0000,0.0000E+000
755.0000,0.0000E+000
756.0000,0.0000E+000
757.0000,0.0000E+000
758.0000,0.0000E+000
759.0000,0.0000E+000
760.0000,0.0000E+000
761.0000,0.0000E+000
762.0000,0.0000E+000
763.0000,0.0000E+000
764.0000,0.0000E+000
765.0000,0.0000E+000
766.0000,0.0000E+000
767.0000,0.0000E+000
768.0000,0.0000E+000
769.0000,0.0000E+000
770.0000,0.0000E+000
771.0000,0.0000E+000
772.0000,0.0000E+000
773.0000,0.0000E+000
774.0000,0.0000E+000
775.0000,0.0000E+000
776.0000,1.2266E+001
777.0000,4.9626E+000
778.0000,3.8773E+001
779.0000,0.0000E+000
780.0000,0.0000E+000
781.0000,0.0000E+000
782.0000,0.0000E+000
783.0000,0.0000E+000
784.0000,0.0000E+000
785.0000,0.0000E+000
786.0000,0.0000E+000
787.0000,0.0000E+000
788.0000,0.0000E+000
789.0000,0.0000E+000
790.0000,0.0000E+000
791.0000,0.0000E+000
792.0000,4.7782E+000
793.0000,0.0000E+000
794.0000,0.0000E+000
795.0000,0.0000E+000
796.0000,5.0478E-001
797.0000,0.0000E+000
798.0000,0.0000E+000
799.0000,0.0000E+000
800.0000,4.7608E+000
801.0000,0.0000E+000
802.0000,0.0000E+000
803.0000,0.0000E+000
804.0000,0.0000E+000
805.0000,5.2407E+001
806.0000,9.1114E+001
807.0000,8.2772E-001
808.0000,3.1088E+001
809.0000,2.2164E+001
810.0000,4.0705E+001
811.0000,1.5667E+001
812.0000,0.0000E+000
813.0000,0.0000E+000
814.0000,0.0000E+000
815.0000,0.0000E+000
816.0000,0.0000E+000
817.0000,0.0000E+000
818.0000,0.0000E+000
819.0000,-6.3609E+000
820.0000,-5.6757E+000
821.0000,-2.0443E+000
822.0000,4.5611E+000
823.0000,1.8555E+001
824.0000,-6.1330E+000
825.0000,8.1280E+000
826.0000,7.4204E+000
827.0000,7.8302E+000
828.0000,4.7467E+000
829.0000,6.2285E+001
830.0000,1.1509E+002
831.0000,1.0391E+001
832.0000,-5.6271E+000
833.0000,7.8784E+000
834.0000,-3.6972E+001
835.0000,-2.0494E+001
836.0000,-4.3559E+001
837.0000,-2.4319E+001
838.0000,-2.3337E+001
839.0000,-4.9057E+001
840.0000,-3.3928E+001
841.0000,-1.4078E+001
842.0000,-6.9404E+000
843.0000,1.2912E-001
844.0000,-4.9118E+000
845.0000,-2.5450E+000
846.0000,6.9037E-001
847.0000,-2.2448E+001
848.0000,-2.8208E+001
849.0000,-1.0140E+001
850.0000,1.6534E+001
851.0000,-2.5076E+001
852.0000,-2.3780E+001
853.0000,-2.4129E+001
854.0000,-3.7942E+001
855.0000,-1.4936E+001
856.0000,4.1123E+000
857.0000,-1.4021E+001
858.0000,-5.8895E+000
859.0000,3.0361E+001
860.0000,2.1414E+001
861.0000,1.1064E+001
862.0000,3.0862E-001
863.0000,-3.6083E+001
864.0000,-6.9193E+001
865.0000,-7.7240E+001
866.0000,-7.2084E+001
867.0000,-5.4529E+001
868.0000,-1.2062E+001
869.0000,-1.5057E+001
870.0000,-8.5955E+000
871.0000,-2.2218E+000
872.0000,6.8437E+000
873.0000,-4.5728E+000
874.0000,-5.5573E+001
875.0000,-9.3511E+001
876.0000,-7.7167E+001
877.0000,-3.4281E+001
878.0000,-3.1396E+001
879.0000,-5.6668E+000
880.0000,2.0179E+001
881.0000,-3.1058E+001
882.0000,-2.4325E+001
883.0000,-2.2415E+001
884.0000,1.7831E+001
885.0000,-2.2621E+001
886.0000,-3.8058E+001
887.0000,-2.4825E+000
888.0000,-1.5275E+001
889.0000,-1.5406E+001
890.0000,-1.1722E+002
891.0000,-5.1791E+001
892.0000,-5.1318E+001
893.0000,-4.4925E+001
894.0000,-7.3687E+001
895.0000,-6.9239E+001
896.0000,-3.4506E+001
897.0000,-1.8564E+001
898.0000,-3.6155E+001
899.0000,-3.1922E+001
900.0000,-2.8486E+001
901.0000,-4.2232E+001
902.0000,-1.6938E+001
903.0000,-4.2877E+001
904.0000,-5.8519E+001
905.0000,-4.7700E+001
906.0000,-3.4990E+001
907.0000,-3.8019E+001
908.0000,-3.7366E+001
909.0000,-1.7573E+001
910.0000,-4.3308E+001
911.0000,8.7505E-001
912.0000,1.4066E+000
913.0000,-4.5571E+001
914.0000,-3.7727E+001
915.0000,-4.8072E+001
916.0000,-3.0930E+001
917.0000,-3.0130E+001
918.0000,-3.5898E+001
919.0000,-5.3235E+001
920.0000,-4.1659E+001
921.0000,-1.5891E+001
922.0000,-4.6109E+001
923.0000,-5.1692E+001
924.0000,-6.2148E+001
925.0000,-3.9102E+001
926.0000,-2.5478E+001
927.0000,-1.1420E+001
928.0000,-4.8843E+000
929.0000,-1.3724E+001
930.0000,-2.0012E+001
931.0000,5.2389E+000
932.0000,-2.7403E+001
933.0000,-4.7838E+000
934.0000,-2.9438E+001
935.0000,-2.4736E+001
936.0000,-5.1410E+001
937.0000,-6.6432E+001
938.0000,-1.1923E+001
939.0000,-2.9406E+001
940.0000,-2.5797E+001
941.0000,-3.4542E+001
942.0000,-3.0262E+001
943.0000,-2.0895E+001
944.0000,-2.6768E+001
945.0000,-5.3023E+001
946.0000,-4.1648E+001
947.0000,-1.9813E+001
948.0000,-2.3003E+001
949.0000,-3.0053E+001
950.0000,-4.6480E+001
951.0000,-6.9698E+001
952.0000,-5.5640E+001
953.0000,-6.1385E+001
954.0000,-4.8756E+001
955.0000,-4.9676E+001
956.0000,-2.9638E+001
957.0000,-4.6265E+001
958.0000,-4.5838E+001
959.0000,-5.0537E+001
960.0000,-2.5924E+001
961.0000,-1.0539E+001
962.0000,-3.4869E+001
963.0000,-3.4719E+001
964.0000,-4.4930E+001
965.0000,-1.1170E+001
966.0000,-4.9517E+001
967.0000,-2.0520E+001
968.0000,-2.7155E+001
969.0000,-5.7836E+001
970.0000,-2.3083E+001
971.0000,-2.7129E+001
972.0000,-5.4261E+001
973.0000,-5.5449E+000
974.0000,1.6740E+001
975.0000,-3.5992E+000
976.0000,-3.9154E+001
977.0000,-8.2576E+001
978.0000,-6.5654E+001
979.0000,-6.3572E+001
980.0000,-6.2047E+001
981.0000,-4.9148E+001
982.0000,-1.5578E+001
983.0000,-2.8387E+001
984.0000,-2.7058E+001
985.0000,-9.1030E+000
986.0000,-5.6824E+001
987.0000,-9.4200E+001
988.0000,-4.6365E+001
989.0000,-3.1293E+001
990.0000,-2.8155E+001
991.0000,-1.3038E+001
992.0000,-2.0128E+001
993.0000,-1.1731E+001
994.0000,-3.5050E+001
995.0000,-4.2852E+001
996.0000,-4.5623E+001
997.0000,-3.7182E+001
998.0000,-3.4711E+001
999.0000,-4.4827E+001
1000.0000,-2.0943E+001
1001.0000,-1.9568E+001
1002.0000,-1.0676E+002
1003.0000,-7.6301E+001
1004.0000,-3.7599E+001
1005.0000,-2.8544E+001
1006.0000,-2.7879E+001
1007.0000,-2.3992E+001
1008.0000,-2.3585E+001
1009.0000,-1.5047E+001
1010.0000,7.4124E+000
1011.0000,-9.3697E+000
1012.0000,-2.0245E+001
1013.0000,-1.3273E+001
1014.0000,2.4291E+000
1015.0000,-7.1490E+000
1016.0000,-3.8039E+001
1017.0000,-6.8197E+001
1018.0000,-3.2515E+001
1019.0000,-7.0815E+001
1020.0000,-6.0485E+001
1021.0000,-5.7333E+001
1022.0000,-9.2814E+001
1023.0000,-5.0545E+001
1024.0000,-5.4897E+001
1025.0000,-1.7950E+001
1026.0000,-1.0186E+001
1027.0000,-2.2399E+001
1028.0000,-3.8183E+001
1029.0000,-3.3123E+001
1030.0000,-2.3298E+001
1031.0000,-4.8031E+001
1032.0000,-5.8371E+001
1033.0000,-3.1948E+001
1034.0000,-4.4595E+001
1035.0000,-1.9225E+000
1036.0000,-3.6583E+001
1037.0000,-6.1007E+001
1038.0000,-5.1053E+001
1039.0000,-2.7445E+001
1040.0000,-2.8644E+000
1041.0000,-1.7512E+001
1042.0000,-3.8353E+001
1043.0000,-7.3501E+001
1044.0000,-4.7467E+001
1045.0000,-5.8096E+001
1046.0000,-1.7268E+001
1047.0000,-2.1238E+001
1048.0000,-3.2184E+001
1049.0000,-4.1848E+001
1050.0000,-7.0275E+001
1051.0000,-6.4715E+001
1052.0000,-5.0899E+001
1053.0000,-1.7333E+001
1054.0000,-4.5023E+001
1055.0000,-4.1431E+001
1056.0000,-3.3011E+001
1057.0000,-3.0435E+001
1058.0000,5.0416E+000
1059.0000,1.8113E+001
1060.0000,-1.7146E+001
1061.0000,-4.0242E+001
1062.0000,-3.9426E+001
1063.0000,-6.9345E+001
1064.0000,-4.4256E+001
1065.0000,-5.0125E+001
1066.0000,-5.6138E+001
1067.0000,-3.4396E+000
1068.0000,-2.8079E+001
1069.0000,-5.1436E+001
1070.0000,-5.1043E+001
1071.0000,-6.1710E+001
1072.0000,-4.9819E+001
1073.0000,-9.0158E+001
1074.0000,-8.0242E+001
1075.0000,-4.4706E+001
1076.0000,-1.6717E+001
1077.0000,-1.3995E+001
1078.0000,2.1008E+001
1079.0000,-6.4691E+001
1080.0000,-3.2915E+001
1081.0000,-4.0744E+001
1082.0000,-2.3181E+001
1083.0000,-2.9930E+001
1084.0000,-1.6168E+001
1085.0000,-1.6228E+001
1086.0000,-5.5574E+001
1087.0000,-3.5615E+001
1088.0000,-3.2977E+001
1089.0000,-2.7999E+001
1090.0000,-1.7060E+001
1091.0000,-4.2092E+001
1092.0000,-2.6369E+001
1093.0000,-1.6351E+001
1094.0000,-2.1087E+001
1095.0000,-1.0411E+001
1096.0000,-8.0708E+001
1097.0000,-8.7747E+001
1098.0000,-5.3749E+001
1099.0000,-1.4096E+001
1100.0000,-5.7914E+000
1101.0000,-4.0891E+000
1102.0000,-1.1191E+001
1103.0000,-1.3395E+001
1104.0000,-7.5410E+000
1105.0000,-4.1764E+000
1106.0000,-1.3451E+001
1107.0000,-8.4434E+001
1108.0000,-3.5200E+001
1109.0000,-3.6742E+001
1110.0000,0.0000E+000
1111.0000,0.0000E+000
1112.0000,0.0000E+000
1113.0000,0.0000E+000
1114.0000,0.0000E+000
1115.0000,0.0000E+000
1116.0000,0.0000E+000
1117.0000,0.0000E+000
1118.0000,0.0000E+000
1119.0000,0.0000E+000
1120.0000,0.0000E+000
1121.0000,0.0000E+000
1122.0000,0.0000E+000
1123.0000,0.0000E+000
1124.0000,0.0000E+000
1125.0000,0.0000E+000
1126.0000,0.0000E+000
1127.0000,0.0000E+000
1128.0000,0.0000E+000
1129.0000,0.0000E+000
1130.0000,0.0000E+000
1131.0000,0.0000E+000
1132.0000,0.0000E+000
1133.0000,0.0000E+000
1134.0000,0.0000E+000
1135.0000,0.0000E+000
1136.0000,0.0000E+000
1137.0000,0.0000E+000
1138.0000,0.0000E+000
1139.0000,0.0000E+000
1140.0000,0.0000E+000
1141.0000,1.0315E-001
1142.0000,0.0000E+000
1143.0000,0.0000E+000
1144.0000,0.0000E+000
1145.0000,0.0000E+000
1146.0000,0.0000E+000
1147.0000,0.0000E+000
1148.0000,0.0000E+000
1149.0000,0.0000E+000
1150.0000,0.0000E+000
1151.0000,0.0000E+000
1152.0000,1.2762E+000
1153.0000,0.0000E+000
1154.0000,6.9979E+000
1155.0000,0.0000E+000
1156.0000,2.3515E+000
1157.0000,0.0000E+000
1158.0000,0.0000E+000
1159.0000,0.0000E+000
1160.0000,0.0000E+000
1161.0000,6.5518E+001
1162.0000,6.7360E+001
1163.0000,5.5744E+000
1164.0000,-1.2271E+001
1165.0000,3.0318E+001
1166.0000,5.1008E+001
1167.0000,3.3156E+001
1168.0000,3.0659E+001
1169.0000,5.1059E+001
1170.0000,3.6013E+001
1171.0000,6.5155E+001
1172.0000,6.4768E+001
1173.0000,6.2761E+001
1174.0000,1.0114E+002
1175.0000,4.9829E+001
1176.0000,4.3281E+001
1177.0000,1.5983E+001
1178.0000,1.1139E+001
1179.0000,1.0216E+001
1180.0000,-1.4137E+001
1181.0000,-4.9006E+001
1182.0000,3.5113E+001
1183.0000,-9.6585E+000
1184.0000,-3.6516E+001
1185.0000,-2.5179E+001
1186.0000,5.3346E+000
1187.0000,-1.0319E+001
1188.0000,-6.6405E+000
1189.0000,-8.1193E+000
1190.0000,-3.9345E+001
1191.0000,-5.4104E+001
1192.0000,-4.3097E+001
1193.0000,-1.2387E+001
1194.0000,-1.5962E+001
1195.0000,-6.4327E+001
1196.0000,-6.0969E+001
1197.0000,-1.9578E+001
1198.0000,-2.5565E+001
1199.0000,-1.7143E+001
1200.0000,1.6700E+001
1201.0000,8.3511E+001
1202.0000,-3.0473E+001
1203.0000,-2.3533E+001
1204.0000,-4.3989E-001
1205.0000,-3.3190E+001
1206.0000,-2.4466E+001
1207.0000,-3.6911E+001
1208.0000,-4.6253E+001
1209.0000,-3.6225E+001
1210.0000,-1.1822E+001
1211.0000,-1.0627E+001
1212.0000,-5.8103E+001
1213.0000,-5.6241E+001
1214.0000,-3.4172E+001
1215.0000,-2.5335E+001
1216.0000,-1.3943E+001
1217.0000,-7.7782E+000
1218.0000,2.0395E+001
1219.0000,6.2976E+000
1220.0000,-3.2280E+001
1221.0000,-3.2157E+001
1222.0000,-8.8724E+000
1223.0000,-4.4250E+001
1224.0000,-4.1045E+001
1225.0000,-3.0129E+001
1226.0000,-6.3921E+001
1227.0000,-9.5005E+000
1228.0000,-2.7485E+001
1229.0000,-2.6563E+001
1230.0000,-3.5121E+001
1231.0000,-4.6426E+001
1232.0000,-6.1295E+001
1233.0000,-5.0068E+001
1234.0000,-2.5031E+001
1235.0000,-2.0252E+000
1236.0000,-4.7639E+001
1237.0000,-2.5299E+001
1238.0000,-7.3011E+001
1239.0000,-3.7430E+001
1240.0000,5.7040E+000
1241.0000,-3.0508E+001
1242.0000,-1.5178E+001
1243.0000,-8.6870E+000
1244.0000,-1.7359E+001
1245.0000,-5.9398E+001
1246.0000,-4.8277E+001
1247.0000,-5.6944E+001
1248.0000,-6.4876E+001
1249.0000,-4.2528E+001
1250.0000,-1.2348E+001
1251.0000,-3.4540E+001
1252.0000,-5.6675E+001
1253.0000,-5.1903E+001
1254.0000,-4.3883E+001
1255.0000,-3.5166E+001
1256.0000,-3.8257E+001
1257.0000,-2.2000E+001
1258.0000,-4.6482E+001
1259.0000,-5.3319E+001
1260.0000,-6.5360E+001
1261.0000,-4.2301E+001
1262.0000,-2.4472E+001
1263.0000,-3.6863E+000
1264.0000,-3.6332E+001
1265.0000,1.3228E+001
1266.0000,1.0818E+001
1267.0000,4.7557E-001
1268.0000,-4.2505E+001
1269.0000,-2.6639E+001
1270.0000,-3.2661E+001
1271.0000,-3.8996E+001
1272.0000,-6.9288E+001
1273.0000,-2.7844E+001
1274.0000,1.5539E+001
1275.0000,-1.0691E+001
1276.0000,-8.6466E+000
1277.0000,-8.2236E+000
1278.0000,-3.3182E+001
1279.0000,-8.8114E+000
1280.0000,4.8762E+000
1281.0000,2.2832E+000
1282.0000,4.6028E+000
1283.0000,-6.9228E+000
1284.0000,-4.0670E+001
1285.0000,-2.6615E+001
1286.0000,-4.6353E+001
1287.0000,-5.7052E+001
1288.0000,-6.1589E+001
1289.0000,-3.6903E+001
1290.0000,-1.4170E+001
1291.0000,-1.3719E+001
1292.0000,-2.8726E+001
1293.0000,-9.7647E+000
1294.0000,-8.7129E+000
1295.0000,-4.7422E+001
1296.0000,-5.1550E+001
1297.0000,-5.9591E+001
1298.0000,-2.2266E+001
1299.0000,-7.8223E+000
1300.0000,-2.0870E-001
1301.0000,-4.5294E+001
1302.0000,-1.7515E+000
1303.0000,-5.0879E+001
1304.0000,-4.5217E+001
1305.0000,-4.8233E+001
1306.0000,-3.4903E+001
1307.0000,-2.3240E+001
1308.0000,-3.8975E+001
1309.0000,-2.9659E+001
1310.0000,-2.9662E+001
1311.0000,-3.0711E+001
1312.0000,-4.4333E+001
1313.0000,-3.9624E+001
1314.0000,-4.5564E+001
1315.0000,-3.6950E+001
1316.0000,-4.8956E+001
1317.0000,-6.3995E+001
1318.0000,-7.0562E+001
1319.0000,-2.8894E+001
1320.0000,-3.1655E+001
1321.0000,-3.6059E+001
1322.0000,-3.5660E+001
1323.0000,-1.6599E+001
1324.0000,-4.1162E+001
1325.0000,-2.7019E+001
1326.0000,-3.8536E+001
1327.0000,-3.0464E+001
1328.0000,-2.6643E+001
1329.0000,-5.2758E+001
1330.0000,-1.9624E+001
1331.0000,-3.6713E+000
1332.0000,-6.0145E+000
1333.0000,2.1828E-001
1334.0000,-1.3156E+001
1335.0000,-1.6831E+001
1336.0000,-3.1278E+001
1337.0000,-2.4479E+001
1338.0000,-1.2156E+001
1339.0000,-2.6289E+001
1340.0000,-2.5230E+001
1341.0000,-1.4422E+001
1342.0000,-1.3923E+000
1343.0000,-1.7130E+001
1344.0000,-5.0363E+001
1345.0000,-1.6934E+001
1346.0000,-6.8220E+001
1347.0000,-6.5126E+001
1348.0000,-3.0740E+001
1349.0000,-6.1135E+001
1350.0000,-3.4065E+001
1351.0000,-7.7600E+001
1352.0000,-7.9551E+001
1353.0000,-2.8552E+001
1354.0000,-4.3528E+001
1355.0000,-4.2269E+001
1356.0000,-6.8303E+001
1357.0000,-7.3407E+001
1358.0000,-3.0700E+001
1359.0000,-5.6147E+001
1360.0000,-6.4729E+001
1361.0000,-4.6497E+001
1362.0000,-6.5887E+001
1363.0000,-3.4577E+001
1364.0000,-4.0475E+001
1365.0000,-6.2033E+001
1366.0000,-3.9209E+001
1367.0000,-2.6401E+001
1368.0000,-3.5146E+001
1369.0000,-4.4354E+001
1370.0000,-2.0778E+001
1371.0000,-2.3830E+001
1372.0000,-2.9071E+001
1373.0000,-7.5051E+001
1374.0000,-9.8099E+001
1375.0000,-4.8737E+001
1376.0000,-9.0037E+001
1377.0000,-1.4657E+001
1378.0000,-6.3412E+001
1379.0000,-6.6522E+001
1380.0000,-5.9684E+001
1381.0000,-6.7866E+001
1382.0000,1.5852E+001
1383.0000,-3.3032E+001
1384.0000,-3.2621E+001
1385.0000,-2.8695E+000
1386.0000,-6.2590E+000
1387.0000,-3.4646E+001
1388.0000,-2.9151E+001
1389.0000,-3.2634E+001
1390.0000,-1.1674E+001
1391.0000,1.7148E+000
1392.0000,1.3130E+001
1393.0000,2.9302E+001
1394.0000,-1.0918E+002
1395.0000,-6.5430E+001
1396.0000,-4.9249E+001
1397.0000,-5.4987E+001
1398.0000,-7.9428E+001
1399.0000,-1.0006E+002
1400.0000,-6.3923E+001
1401.0000,-4.7309E+001
1402.0000,-3.4560E+001
1403.0000,-4.0222E+001
1404.0000,-5.3972E+001
1405.0000,-4.1641E+001
1406.0000,-1.6352E+001
1407.0000,-1.8814E+001
1408.0000,-3.4927E+001
1409.0000,-4.3955E+000
1410.0000,6.2337E+001
1411.0000,-7.4563E+001
1412.0000,-9.8472E+001
1413.0000,-7.0380E+001
1414.0000,-5.2562E+001
1415.0000,-2.8658E+001
1416.0000,-3.8600E+001
1417.0000,-3.4074E+001
1418.0000,-2.3930E+001
1419.0000,-5.6545E+000
1420.0000,-8.1259E+000
1421.0000,-7.1474E+000
1422.0000,-2.8870E+001
1423.0000,-1.0743E+002
1424.0000,-6.4713E+001
1425.0000,-6.0711E+001
1426.0000,-8.2436E+001
1427.0000,-5.2368E+001
1428.0000,-5.1528E+001
1429.0000,-2.2659E+001
1430.0000,-1.2713E+001
1431.0000,2.5608E+001
1432.0000,-5.6538E+000
1433.0000,3.3008E+001
1434.0000,-5.1798E+001
1435.0000,-5.8316E+001
1436.0000,-3.4018E+000
1437.0000,-2.4182E+001
1438.0000,-4.2284E+001
1439.0000,-2.4527E+001
1440.0000,-3.9898E+001
1441.0000,-4.3573E+001
1442.0000,-5.9675E+001
1443.0000,-3.1821E+001
1444.0000,-3.3219E+001
1445.0000,-7.6813E+000
1446.0000,-3.7810E+001
1447.0000,-3.0184E+001
1448.0000,-2.4474E+001
1449.0000,-2.6543E+001
1450.0000,-1.0453E+002
1451.0000,-7.3170E+001
1452.0000,-4.9811E+001
1453.0000,-5.5685E+001
1454.0000,-6.6497E+001
1455.0000,-9.0291E+001
1456.0000,-5.7962E+001
1457.0000,-3.3611E+001
1458.0000,-2.3537E+001
1459.0000,-4.7169E+001
1460.0000,-5.6053E+001
1461.0000,-8.9205E+001
1462.0000,-8.4463E+001
1463.0000,-4.2058E+001
1464.0000,-4.8351E+001
1465.0000,-4.7060E+001
1466.0000,-1.6518E+001
1467.0000,-5.0262E+001
1468.0000,-2.4761E+001
1469.0000,-7.0115E+000
1470.0000,-1.5885E+001
1471.0000,2.0751E+000
1472.0000,2.8236E+001
1473.0000,-2.9417E+001
1474.0000,-7.4847E+001
1475.0000,-5.8296E+001
1476.0000,0.0000E+000
1477.0000,0.0000E+000
1478.0000,0.0000E+000
1479.0000,0.0000E+000
1480.0000,0.0000E+000
1481.0000,0.0000E+000
1482.0000,0.0000E+000
1483.0000,0.0000E+000
1484.0000,0.0000E+000
1485.0000,0.0000E+000
1486.0000,0.0000E+000
1487.0000,0.0000E+000
1488.0000,2.8779E+000
1489.0000,0.0000E+000
1490.0000,4.1302E+000
1491.0000,0.0000E+000
1492.0000,0.0000E+000
1493.0000,0.0000E+000
1494.0000,0.0000E+000
1495.0000,0.0000E+000
1496.0000,0.0000E+000
1497.0000,0.0000E+000
1498.0000,0.0000E+000
1499.0000,0.0000E+000
1500.0000,0.0000E+000
1501.0000,0.0000E+000
1502.0000,3.4446E+001
1503.0000,0.0000E+000
1504.0000,0.0000E+000
1505.0000,0.0000E+000
1506.0000,0.0000E+000
1507.0000,0.0000E+000
1508.0000,0.0000E+000
1509.0000,0.0000E+000
1510.0000,0.0000E+000
1511.0000,0.0000E+000
1512.0000,0.0000E+000
1513.0000,0.0000E+000
1514.0000,0.0000E+000
1515.0000,0.0000E+000
1516.0000,0.0000E+000
1517.0000,0.0000E+000
1518.0000,0.0000E+000
1519.0000,0.0000E+000
1520.0000,0.0000E+000
1521.0000,0.0000E+000
1522.0000,0.0000E+000
1523.0000,0.0000E+000
1524.0000,0.0000E+000
1525.0000,0.0000E+000
1526.0000,0.0000E+000
1527.0000,0.0000E+000
1528.0000,0.0000E+000
1529.0000,1.2101E+001
1530.0000,5.7569E+000
1531.0000,0.0000E+000
1532.0000,0.0000E+000
1533.0000,0.0000E+000
1534.0000,0.0000E+000
1535.0000,0.0000E+000
1536.0000,0.0000E+000
1537.0000,0.0000E+000
1538.0000,0.0000E+000
1539.0000,0.0000E+000
1540.0000,0.0000E+000
1541.0000,0.0000E+000
1542.0000,0.0000E+000
1543.0000,0.0000E+000
1544.0000,0.0000E+000
1545.0000,0.0000E+000
1546.0000,0.0000E+000
1547.0000,0.0000E+000
1548.0000,0.0000E+000
1549.0000,6.4476E+000
1550.0000,3.1575E+001
1551.0000,0.0000E+000
1552.0000,0.0000E+000
1553.0000,0.0000E+000
1554.0000,0.0000E+000
1555.0000,4.0400E+000
1556.0000,2.0644E+001
1557.0000,1.0617E+002
1558.0000,5.0713E+000
1559.0000,1.6764E+001
1560.0000,1.0846E+001
1561.0000,-2.2645E+000
1562.0000,3.4603E-001
1563.0000,-7.5238E+000
1564.0000,-2.1409E+000
1565.0000,3.7234E+001
1566.0000,4.0763E+000
1567.0000,6.9965E+000
1568.0000,1.4438E+001
1569.0000,9.6100E+000
1570.0000,-2.4924E+001
1571.0000,-2.2270E+001
1572.0000,9.2039E+000
1573.0000,1.7342E+001
1574.0000,-6.0495E+000
1575.0000,-5.4127E+000
1576.0000,-1.5926E+001
1577.0000,1.4493E+001
1578.0000,1.2458E+001
1579.0000,1.2113E+001
1580.0000,4.1622E+001
1581.0000,3.2077E+001
1582.0000,1.5240E+001
1583.0000,-4.2706E+001
1584.0000,1.2143E+001
1585.0000,8.7217E+000
1586.0000,-3.2914E+000
1587.0000,-1.4025E+000
1588.0000,-1.5749E+001
1589.0000,-1.2315E+001
1590.0000,-4.9960E+001
1591.0000,-4.5297E+001
1592.0000,-8.9781E+001
1593.0000,-4.9218E+001
1594.0000,-2.0761E+001
1595.0000,3.9301E+001
1596.0000,-3.7812E+000
1597.0000,-2.5439E+001
1598.0000,-9.0823E+000
1599.0000,3.3505E+000
1600.0000,2.2904E+001
1601.0000,3.0663E+000
1602.0000,-4.3007E-001
1603.0000,-2.5427E+001
1604.0000,-5.5476E+001
1605.0000,-6.2796E+001
1606.0000,-3.4688E+001
1607.0000,-2.8630E+001
1608.0000,-3.4420E+001
1609.0000,2.4004E+000
1610.0000,1.1440E+001
1611.0000,1.0814E+001
1612.0000,-4.8831E+000
1613.0000,-2.5089E+001
1614.0000,-3.8251E+001
1615.0000,-5.7806E+001
1616.0000,-7.8829E+001
1617.0000,-4.2817E+001
1618.0000,-3.9200E+001
1619.0000,-2.8948E+001
1620.0000,-2.7417E+001
1621.0000,-1.1779E+001
1622.0000,-1.9303E+001
1623.0000,-1.2397E+001
1624.0000,-4.0478E+001
1625.0000,-4.6839E+001
1626.0000,-5.0121E+001
1627.0000,-1.9240E+001
1628.0000,-3.4689E+001
1629.0000,-4.7902E+001
1630.0000,-6.9115E+001
1631.0000,-6.1942E+001
1632.0000,-3.9281E+001
1633.0000,-7.8590E+000
1634.0000,-3.3562E+000
1635.0000,-2.4361E+001
1636.0000,-2.5437E+001
1637.0000,-2.0898E+001
1638.0000,-1.6804E+001
1639.0000,-4.6463E+001
1640.0000,-5.0086E+001
1641.0000,-5.1681E+001
1642.0000,-6.0941E+001
1643.0000,-5.7666E+001
1644.0000,-5.7037E+001
1645.0000,-4.6702E+001
1646.0000,-4.5697E+001
1647.0000,-3.8978E+001
1648.0000,-3.2220E+001
1649.0000,-2.4394E+001
1650.0000,-2.2140E+001
1651.0000,-1.4537E+001
1652.0000,-6.2451E+001
1653.0000,-6.1202E+001
1654.0000,-6.0110E+001
1655.0000,-4.8541E+001
1656.0000,-2.7282E+001
1657.0000,-2.6690E+001
1658.0000,-2.0376E+001
1659.0000,-3.3856E+001
1660.0000,-4.1090E+001
1661.0000,-4.8761E+001
1662.0000,-4.6321E+001
1663.0000,-5.0375E+001
1664.0000,-3.0732E+001
1665.0000,-6.6030E+001
1666.0000,-4.4414E+001
1667.0000,-4.7257E+001
1668.0000,-8.0490E+001
1669.0000,-8.5216E+001
1670.0000,-3.6240E+001
1671.0000,-6.5365E+001
1672.0000,-2.0340E+001
1673.0000,-3.9139E+001
1674.0000,-2.9120E+001
1675.0000,-4.6712E+001
1676.0000,-4.2932E+001
1677.0000,-3.6327E+001
1678.0000,-1.8637E+001
1679.0000,-6.9951E+000
1680.0000,-4.3447E+001
1681.0000,-2.2032E+001
1682.0000,-4.2569E+001
1683.0000,-2.8808E+001
1684.0000,-3.3306E+001
1685.0000,-4.8749E+001
1686.0000,-4.1163E+001
1687.0000,-2.8871E+001
1688.0000,-2.1929E+001
1689.0000,-1.9057E+001
1690.0000,-4.4243E+001
1691.0000,-2.7867E+001
1692.0000,-1.9708E+001
1693.0000,-1.4079E+001
1694.0000,1.2709E+000
1695.0000,-3.2491E+001
1696.0000,-4.6245E+001
1697.0000,-1.1442E+001
1698.0000,-2.5276E+000
1699.0000,4.1917E+000
1700.0000,7.7112E+000
1701.0000,-2.4729E+001
1702.0000,-2.1804E+001
1703.0000,-2.2604E+001
1704.0000,-3.2430E+001
1705.0000,-5.1952E+001
1706.0000,-7.5443E+001
1707.0000,-2.3227E+001
1708.0000,-2.9115E+001
1709.0000,-5.2777E+001
1710.0000,-8.1869E+000
1711.0000,-2.2493E+001
1712.0000,-2.2742E+001
1713.0000,2.1546E+001
1714.0000,1.1806E+000
1715.0000,-1.4730E+001
1716.0000,-5.4900E+001
1717.0000,-6.7326E+001
1718.0000,-2.6615E+001
1719.0000,-3.8326E+001
1720.0000,-6.3438E+001
1721.0000,-2.4798E+001
1722.0000,1.0986E+001
1723.0000,6.7939E+000
1724.0000,-5.4764E+001
1725.0000,-4.6702E+001
1726.0000,-7.0033E+001
1727.0000,-6.0859E+001
1728.0000,-4.2372E+001
1729.0000,-4.6811E+001
1730.0000,-3.2827E+001
1731.0000,-2.8921E+001
1732.0000,-1.6031E+001
1733.0000,-4.3771E+001
1734.0000,-2.6113E+001
1735.0000,-5.6534E+000
1736.0000,-8.9086E+000
1737.0000,3.5286E+000
1738.0000,-5.9611E+000
1739.0000,-9.9443E+000
1740.0000,-7.2052E+001
1741.0000,-3.8909E+001
1742.0000,-3.5654E+001
1743.0000,-3.7218E+001
1744.0000,-2.4593E+001
1745.0000,-1.1077E+001
1746.0000,-4.7338E+001
1747.0000,-2.9291E+001
1748.0000,-5.1215E+001
1749.0000,-3.2817E+001
1750.0000,-1.9360E+001
1751.0000,-5.7982E+001
1752.0000,-3.3794E+001
1753.0000,-4.8126E+001
1754.0000,-3.2395E+001
1755.0000,-5.3993E+001
1756.0000,-5.0964E+001
1757.0000,-4.3703E+001
1758.0000,-3.7415E+001
1759.0000,-6.2315E+001
1760.0000,-3.3792E+001
1761.0000,-4.0506E+001
1762.0000,-4.1582E+001
1763.0000,-1.7982E+001
1764.0000,1.1785E+001
1765.0000,-1.3110E+001
1766.0000,-2.4983E+001
1767.0000,-1.8481E+001
1768.0000,-5.1733E+001
1769.0000,-7.4989E+000
1770.0000,-4.3751E+000
1771.0000,-7.0723E+001
1772.0000,-6.2739E+001
1773.0000,-3.6163E+001
1774.0000,-5.2687E+001
1775.0000,-3.3600E+001
1776.0000,-1.3182E+002
1777.0000,-9.4713E+001
1778.0000,-9.2834E+001
1779.0000,-2.9522E+001
1780.0000,-3.0698E+001
1781.0000,5.1822E+001
1782.0000,-4.1765E+001
1783.0000,-5.4311E+001
1784.0000,-6.4044E+001
1785.0000,-2.0640E+001
1786.0000,-2.4008E+001
1787.0000,-8.8335E+001
1788.0000,-1.2265E+002
1789.0000,-1.3698E+002
1790.0000,-5.0885E+001
1791.0000,-1.1692E+002
1792.0000,-5.3659E+001
1793.0000,-4.9338E+001
1794.0000,-5.6506E+001
1795.0000,-2.4893E+001
1796.0000,-2.8756E+001
1797.0000,-2.3418E+001
1798.0000,-8.2063E+000
1799.0000,-1.8566E+001
1800.0000,-1.1416E+002
1801.0000,-1.3168E+002
1802.0000,-7.4892E+001
1803.0000,-3.5392E+001
1804.0000,-1.1867E+002
1805.0000,-7.1726E+001
1806.0000,-1.0815E+002
1807.0000,-4.8506E+001
1808.0000,-5.1486E+001
1809.0000,-5.3606E+001
1810.0000,-8.6157E+001
1811.0000,0.0000E+000
1812.0000,0.0000E+000
1813.0000,0.0000E+000
1814.0000,0.0000E+000
1815.0000,0.0000E+000
1816.0000,0.0000E+000
1817.0000,0.0000E+000
1818.0000,0.0000E+000
1819.0000,0.0000E+000
1820.0000,0.0000E+000
1821.0000,0.0000E+000
1822.0000,0.0000E+000
1823.0000,0.0000E+000
1824.0000,0.0000E+000
1825.0000,0.0000E+000
1826.0000,0.0000E+000
1827.0000,0.0000E+000
1828.0000,0.0000E+000
1829.0000,0.0000E+000
1830.0000,0.0000E+000
1831.0000,0.0000E+000
1832.0000,0.0000E+000
1833.0000,0.0000E+000
1834.0000,0.0000E+000
1835.0000,0.0000E+000
1836.0000,0.0000E+000
1837.0000,0.0000E+000
1838.0000,0.0000E+000
1839.0000,0.0000E+000
1840.0000,0.0000E+000
1841.0000,0.0000E+000
1842.0000,0.0000E+000
1843.0000,0.0000E+000
1844.0000,0.0000E+000
1845.0000,0.0000E+000
1846.0000,0.0000E+000
1847.0000,0.0000E+000
1848.0000,0.0000E+000
1849.0000,0.0000E+000
1850.0000,0.0000E+000
1851.0000,0.0000E+000
1852.0000,0.0000E+000
1853.0000,0.0000E+000
1854.0000,0.0000E+000
1855.0000,0.0000E+000
1856.0000,0.0000E+000
1857.0000,0.0000E+000
1858.0000,0.0000E+000
1859.0000,0.0000E+000
1860.0000,0.0000E+000
1861.0000,0.0000E+000
1862.0000,0.0000E+000
1863.0000,0.0000E+000
1864.0000,0.0000E+000
1865.0000,0.0000E+000
1866.0000,0.0000E+000
1867.0000,0.0000E+000
1868.0000,0.0000E+000
1869.0000,0.0000E+000
1870.0000,0.0000E+000
1871.0000,0.0000E+000
1872.0000,0.0000E+000
1873.0000,0.0000E+000
1874.0000,0.0000E+000
1875.0000,0.0000E+000
1876.0000,0.0000E+000
1877.0000,0.0000E+000
1878.0000,0.0000E+000
1879.0000,0.0000E+000
1880.0000,0.0000E+000
1881.0000,0.0000E+000
1882.0000,0.0000E+000
1883.0000,0.0000E+000
1884.0000,0.0000E+000
1885.0000,0.0000E+000
1886.0000,0.0000E+000
1887.0000,0.0000E+000
1888.0000,0.0000E+000
1889.0000,0.0000E+000
1890.0000,0.0000E+000
1891.0000,0.0000E+000
1892.0000,0.0000E+000
1893.0000,0.0000E+000
1894.0000,0.0000E+000
1895.0000,0.0000E+000
1896.0000,0.0000E+000
1897.0000,0.0000E+000
1898.0000,3.0707E+000
1899.0000,0.0000E+000
1900.0000,0.0000E+000
1901.0000,0.0000E+000
1902.0000,0.0000E+000
1903.0000,3.0054E+000
1904.0000,0.0000E+000
1905.0000,0.0000E+000
1906.0000,4.9960E+000
1907.0000,0.0000E+000
1908.0000,0.0000E+000
1909.0000,0.0000E+000
1910.0000,0.0000E+000
1911.0000,2.6095E+001
1912.0000,9.9113E+000
1913.0000,7.9828E+000
1914.0000,5.3314E-002
1915.0000,2.9963E+001
1916.0000,2.0288E+002
1917.0000,0.0000E+000
1918.0000,1.9224E+001
1919.0000,0.0000E+000
1920.0000,0.0000E+000
1921.0000,7.0433E+000
1922.0000,3.7953E+001
1923.0000,1.5516E+001
1924.0000,6.5816E-001
1925.0000,7.2681E+001
1926.0000,1.1840E+001
1927.0000,1.8252E+001
1928.0000,4.2440E+001
1929.0000,4.0145E+001
1930.0000,-2.6745E+001
1931.0000,-2.4501E+001
1932.0000,2.8701E+000
1933.0000,6.6799E-001
1934.0000,-6.2623E+000
1935.0000,1.3510E+001
1936.0000,2.7013E+001
1937.0000,4.0728E+001
1938.0000,-1.7086E+001
1939.0000,-5.5817E+000
1940.0000,8.6444E+000
1941.0000,2.3520E+000
1942.0000,-2.8668E+001
1943.0000,9.5925E+000
1944.0000,6.1212E+000
1945.0000,3.6680E+000
1946.0000,-7.6180E+000
1947.0000,-1.0702E+001
1948.0000,-5.4344E+000
1949.0000,-9.6042E+000
1950.0000,-1.8965E+001
1951.0000,-2.8574E+001
1952.0000,3.5375E+000
1953.0000,2.9206E+001
1954.0000,6.7083E+001
1955.0000,-1.1742E+001
1956.0000,-4.5247E+000
1957.0000,1.6640E+001
1958.0000,1.8890E+001
1959.0000,-4.0986E+001
1960.0000,-4.6108E+001
1961.0000,-3.0444E+001
1962.0000,-5.0334E+001
1963.0000,-5.3533E+001
1964.0000,-3.5303E+001
1965.0000,-9.9698E+000
1966.0000,1.4264E+000
1967.0000,-2.5125E+001
1968.0000,-2.7076E+001
1969.0000,-2.9801E+001
1970.0000,-3.6564E+001
1971.0000,-2.1920E+001
1972.0000,-3.1088E+000
1973.0000,-1.3432E+001
1974.0000,-3.2265E+001
1975.0000,-4.5782E+001
1976.0000,-4.1215E+001
1977.0000,-2.3278E+001
1978.0000,-6.2430E+000
1979.0000,-1.8321E+001
1980.0000,-3.1855E+001
1981.0000,-3.0123E+001
1982.0000,-2.4506E+001
1983.0000,-4.3582E+001
1984.0000,-3.1046E+001
1985.0000,-5.8493E+001
1986.0000,-5.5098E+001
1987.0000,-4.1061E+001
1988.0000,-3.2351E+001
1989.0000,-7.2565E+001
1990.0000,-2.7243E+001
1991.0000,-4.2153E+001
1992.0000,-7.2143E+000
1993.0000,7.3968E-001
1994.0000,8.9428E-001
1995.0000,-3.7552E+001
1996.0000,-1.6903E+001
1997.0000,-3.3933E+001
1998.0000,-1.1830E+001
1999.0000,-3.4274E+001
2000.0000,-1.2080E+001
2001.0000,-2.3423E+001
2002.0000,-4.5863E+001
2003.0000,-5.7867E+001
2004.0000,-2.4943E+001
2005.0000,-1.5976E+001
2006.0000,-1.0287E+001
2007.0000,-1.0727E+001
2008.0000,-4.9520E+001
2009.0000,-4.9001E+001
2010.0000,-5.1412E+001
2011.0000,-6.4396E+001
2012.0000,-4.0845E+001
2013.0000,-4.8936E+000
2014.0000,-2.1442E+001
2015.0000,-3.9026E+001
2016.0000,-2.5512E+001
2017.0000,-5.2245E+001
2018.0000,-2.1091E+001
2019.0000,-1.8518E+001
2020.0000,-2.7766E+001
2021.0000,-8.0004E+001
2022.0000,-2.9337E+001
2023.0000,-2.2630E+001
2024.0000,-3.7497E+001
2025.0000,-2.3487E+001
2026.0000,-4.1956E+001
2027.0000,-2.4283E+001
2028.0000,4.8056E+000
2029.0000,-9.1382E+000
2030.0000,-2.8770E+001
2031.0000,-6.7582E+001
2032.0000,-1.9136E+001
2033.0000,1.2073E-001
2034.0000,-5.5653E+001
2035.0000,-2.4475E+001
2036.0000,-2.3962E+001
2037.0000,-3.1571E+001
2038.0000,-2.1211E+001
2039.0000,-3.7802E+001
2040.0000,-2.9052E+001
2041.0000,-1.3128E+001
2042.0000,-3.6238E+001
2043.0000,-4.5045E+001
2044.0000,-5.3980E+001
2045.0000,-4.6600E+001
2046.0000,-3.0135E+001
2047.0000,-3.7887E+001
2048.0000,-2.1616E+001
2049.0000,-5.8956E+001
2050.0000,-5.8750E+001
2051.0000,-3.7261E+001
2052.0000,-6.2747E+001
2053.0000,-1.9940E+001
2054.0000,-5.6999E+000
2055.0000,-3.8371E+001
2056.0000,-1.0729E+001
2057.0000,-1.9797E+001
2058.0000,-2.7720E+001
2059.0000,-1.3620E+001
2060.0000,-1.2109E+001
2061.0000,-2.8460E+001
2062.0000,-2.5332E+001
2063.0000,-7.0503E+000
2064.0000,-4.3139E+001
2065.0000,-4.9043E+001
2066.0000,-3.4574E+001
2067.0000,-1.1774E+001
2068.0000,-2.6561E+001
2069.0000,-3.4983E+001
2070.0000,-3.6114E+001
2071.0000,-2.8081E+001
2072.0000,-1.5678E+001
2073.0000,1.0066E+001
2074.0000,-4.0030E+001
2075.0000,-3.6436E+001
2076.0000,-5.0560E+001
2077.0000,-2.7847E+001
2078.0000,-1.6601E+001
2079.0000,-1.1613E+002
2080.0000,-7.6247E+001
2081.0000,-8.4025E+001
2082.0000,-7.6263E+001
2083.0000,-5.1478E+001
2084.0000,-4.7651E+001
2085.0000,-5.0089E+001
2086.0000,-2.5525E+001
2087.0000,-5.1694E+001
2088.0000,-2.3025E+001
2089.0000,-1.8619E+001
2090.0000,-6.4162E+001
2091.0000,-4.1912E+001
2092.0000,-3.4084E+001
2093.0000,-1.4449E+001
2094.0000,-2.0849E+001
2095.0000,-2.1909E+001
2096.0000,-5.9445E+000
2097.0000,-4.0372E+000
2098.0000,-5.5266E+001
2099.0000,-6.4785E+001
2100.0000,-5.7745E+000
2101.0000,-1.1214E+001
2102.0000,-1.3198E+002
2103.0000,-6.4294E+001
2104.0000,-3.6353E+001
2105.0000,-4.6162E+001
2106.0000,-2.9095E+001
2107.0000,-4.2928E+001
2108.0000,-6.2402E+001
2109.0000,-2.8747E+001
2110.0000,-6.3123E+001
2111.0000,-1.5707E+001
2112.0000,6.1962E+000
2113.0000,-3.6705E+001
2114.0000,-1.3741E+001
2115.0000,-2.3361E+001
2116.0000,-3.9960E+001
2117.0000,-3.2605E+001
2118.0000,-2.8078E+001
2119.0000,-1.5375E+001
2120.0000,-5.3206E+001
2121.0000,-5.2364E+001
2122.0000,-4.1750E+000
2123.0000,-2.6032E+000
2124.0000,-2.9999E+001
2125.0000,-2.3595E+001
2126.0000,1.2108E+001
2127.0000,-4.5613E+001
2128.0000,-2.9235E+001
2129.0000,-5.9214E+001
2130.0000,-8.6932E+001
2131.0000,-6.8844E+001
2132.0000,-3.0859E+001
2133.0000,8.6812E+000
2134.0000,-4.0128E+001
2135.0000,-1.0890E+001
2136.0000,-3.5411E+001
2137.0000,-4.7334E+001
2138.0000,-4.3807E+001
2139.0000,-2.3485E+001
2140.0000,-7.6372E+000
2141.0000,-1.2891E+002
2142.0000,-8.6475E+001
2143.0000,-8.1301E+001
2144.0000,-8.0456E+001
2145.0000,-4.5011E+001
2146.0000,-8.3191E+001
2147.0000,-1.6745E+002
2148.0000,-9.1126E+001
2149.0000,-1.1365E+002
2150.0000,-9.7684E+001
2151.0000,-8.1246E+001
2152.0000,-4.5122E+000
2153.0000,4.2148E+000
2154.0000,-1.0573E+002
2155.0000,-6.9842E+001
2156.0000,-6.8637E+001
2157.0000,-9.1084E+001
2158.0000,-4.2090E+001
2159.0000,-2.0144E+001
2160.0000,-1.3571E+002
2161.0000,-9.2614E+001
2162.0000,-5.4248E+001
2163.0000,-5.6828E+001
2164.0000,-3.2891E+001
2165.0000,-2.2415E+001
2166.0000,-4.1698E+001
2167.0000,-2.8274E+001
2168.0000,-3.7565E+001
2169.0000,-3.1544E+001
2170.0000,-2.5932E+001
2171.0000,-2.9491E+001
2172.0000,-1.9348E+001
2173.0000,-2.6989E+000
2174.0000,1.3232E+001
2175.0000,8.9301E+000
2176.0000,-5.8013E+001
2177.0000,-4.1249E+001
2178.0000,-3.1298E+001
2179.0000,-2.2445E+001
2180.0000,-1.6850E+001
2181.0000,-1.0988E+001
2182.0000,1.3654E+000
2183.0000,-9.3361E-001
2184.0000,-1.3905E+001
2185.0000,-6.0964E+000
2186.0000,4.1025E-001
2187.0000,-3.1680E+001
2188.0000,-3.0830E+001
2189.0000,-7.6460E+001
2190.0000,-1.2801E+002
2191.0000,-7.9530E+001
2192.0000,0.0000E+000
2193.0000,0.0000E+000
2194.0000,0.0000E+000
2195.0000,0.0000E+000
2196.0000,0.0000E+000
2197.0000,0.0000E+000
2198.0000,0.0000E+000
2199.0000,0.0000E+000
2200.0000,0.0000E+000
2201.0000,0.0000E+000
2202.0000,0.0000E+000
2203.0000,0.0000E+000
2204.0000,0.0000E+000
2205.0000,0.0000E+000
2206.0000,0.0000E+000
2207.0000,0.0000E+000
2208.0000,0.0000E+000
2209.0000,0.0000E+000
2210.0000,0.0000E+000
2211.0000,0.0000E+000
2212.0000,0.0000E+000
2213.0000,0.0000E+000
2214.0000,0.0000E+000
2215.0000,0.0000E+000
2216.0000,0.0000E+000
2217.0000,0.0000E+000
2218.0000,0.0000E+000
2219.0000,0.0000E+000
2220.0000,0.0000E+000
2221.0000,0.0000E+000
2222.0000,0.0000E+000
2223.0000,0.0000E+000
2224.0000,0.0000E+000
2225.0000,0.0000E+000
2226.0000,0.0000E+000
2227.0000,0.0000E+000
2228.0000,0.0000E+000
2229.0000,0.0000E+000
2230.0000,0.0000E+000
2231.0000,0.0000E+000
2232.0000,0.0000E+000
2233.0000,0.0000E+000
2234.0000,0.0000E+000
2235.0000,0.0000E+000
2236.0000,0.0000E+000
2237.0000,0.0000E+000
2238.0000,0.0000E+000
2239.0000,0.0000E+000
2240.0000,0.0000E+000
2241.0000,0.0000E+000
2242.0000,0.0000E+000
2243.0000,0.0000E+000
2244.0000,0.0000E+000
2245.0000,0.0000E+000
2246.0000,0.0000E+000
2247.0000,0.0000E+000
2248.0000,0.0000E+000
2249.0000,0.0000E+000
2250.0000,0.0000E+000
2251.0000,0.0000E+000
2252.0000,0.0000E+000
2253.0000,0.0000E+000
2254.0000,0.0000E+000
2255.0000,0.0000E+000
2256.0000,0.0000E+000
2257.0000,0.0000E+000
2258.0000,0.0000E+000
2259.0000,0.0000E+000
2260.0000,7.4106E+000
2261.0000,0.0000E+000
2262.0000,3.7710E+000
2263.0000,5.2783E+001
2264.0000,2.1196E+001
2265.0000,6.7042E+001
2266.0000,1.3175E+002
2267.0000,0.0000E+000
2268.0000,6.0706E+000
2269.0000,2.1022E+001
2270.0000,3.7792E+001
2271.0000,-5.2340E+000
2272.0000,-2.2939E+001
2273.0000,-4.3680E+001
2274.0000,-1.2231E+001
2275.0000,-1.2962E+001
2276.0000,-2.3207E+001
2277.0000,-1.9330E+001
2278.0000,-3.3128E+001
2279.0000,-4.9946E+000
2280.0000,2.1978E+001
2281.0000,1.4403E+001
2282.0000,6.3486E+001
2283.0000,2.0309E+001
2284.0000,-2.1889E+001
2285.0000,8.8953E+000
2286.0000,-5.4686E-001
2287.0000,7.0063E+000
2288.0000,-2.9230E+000
2289.0000,4.8678E+000
2290.0000,2.1536E+001
2291.0000,-1.0620E+001
2292.0000,4.5719E+000
2293.0000,3.9398E+001
2294.0000,3.7716E+000
2295.0000,9.5089E+000
2296.0000,-2.8664E+000
2297.0000,3.7668E+000
2298.0000,8.5210E+000
2299.0000,-4.6420E+000
2300.0000,-2.8785E+000
2301.0000,-2.8081E+001
2302.0000,-4.4025E+001
2303.0000,-4.6589E+001
2304.0000,-1.5772E+001
2305.0000,-2.3772E+001
2306.0000,-3.8080E+001
2307.0000,-2.3256E+001
2308.0000,-8.7439E+000
2309.0000,-9.7265E+000
2310.0000,-2.1112E+001
2311.0000,-6.8050E+000
2312.0000,-3.4593E+000
2313.0000,-5.7299E+000
2314.0000,2.2998E+001
2315.0000,2.2779E+000
2316.0000,-1.4634E+001
2317.0000,1.1502E+001
2318.0000,1.7403E+001
2319.0000,-9.4228E+000
2320.0000,-2.9332E+001
2321.0000,-3.5492E+001
2322.0000,-6.0714E+001
2323.0000,-4.9640E+001
2324.0000,-6.4047E+001
2325.0000,-1.7828E+001
2326.0000,9.1201E-002
2327.0000,5.9150E+000
2328.0000,1.5240E+000
2329.0000,-1.0094E+002
2330.0000,-5.6366E+001
2331.0000,-6.8791E+001
2332.0000,-3.3930E+001
2333.0000,-5.7893E+001
2334.0000,-1.6087E+001
2335.0000,-5.1363E+000
2336.0000,-4.0105E+000
2337.0000,-1.6993E+001
2338.0000,-1.5935E+001
2339.0000,-2.3532E+001
2340.0000,-5.9634E+000
2341.0000,-9.2242E+001
2342.0000,-9.3604E+001
2343.0000,-7.5002E+001
2344.0000,-5.0830E+001
2345.0000,-2.0353E+001
2346.0000,-1.1627E+001
2347.0000,-5.9376E+001
2348.0000,-5.2844E+001
2349.0000,-9.1598E+000
2350.0000,-2.3918E+001
2351.0000,-1.4993E+001
2352.0000,-3.8976E+001
2353.0000,-7.6986E+001
2354.0000,-4.0549E+001
2355.0000,-6.2002E+000
2356.0000,-2.3404E+001
2357.0000,-4.1593E+001
2358.0000,-4.7789E+001
2359.0000,-3.5282E+001
2360.0000,-4.3002E+001
2361.0000,-7.3776E+001
2362.0000,-1.6079E+001
2363.0000,-2.0681E+001
2364.0000,-1.8866E+001
2365.0000,-3.7674E+001
2366.0000,-4.0938E+001
2367.0000,-3.6308E+001
2368.0000,-4.5640E+001
2369.0000,-5.9166E+001
2370.0000,-2.5379E+001
2371.0000,-2.9398E+001
2372.0000,-4.4937E+001
2373.0000,-6.9498E+001
2374.0000,-5.4094E+001
2375.0000,-3.7404E+001
2376.0000,-4.2749E+001
2377.0000,-3.9108E+001
2378.0000,-5.6108E+001
2379.0000,-4.6455E+001
2380.0000,-4.6955E+001
2381.0000,-4.4315E+001
2382.0000,-3.8380E+001
2383.0000,-2.5164E+001
2384.0000,-2.1527E+001
2385.0000,-2.5498E+001
2386.0000,-4.7969E+001
2387.0000,-6.3970E+001
2388.0000,-2.4769E+001
2389.0000,-1.1114E+001
2390.0000,-1.0515E+001
2391.0000,-2.9662E+001
2392.0000,-4.5772E+001
2393.0000,-3.1447E+001
2394.0000,-3.9902E+001
2395.0000,-5.0620E+001
2396.0000,-2.3234E+001
2397.0000,-1.6802E+001
2398.0000,-3.7600E+001
2399.0000,-3.6928E+001
2400.0000,-1.2873E+001
2401.0000,-4.6918E+001
2402.0000,-3.6923E+001
2403.0000,-4.1796E+001
2404.0000,-1.9688E+001
2405.0000,-2.0020E+001
2406.0000,-3.1648E+001
2407.0000,-4.9475E+001
2408.0000,-4.2680E+001
2409.0000,-4.2842E+001
2410.0000,-7.4065E+000
2411.0000,-1.5451E+001
2412.0000,-1.5768E+001
2413.0000,-3.1194E+001
2414.0000,-4.0654E+001
2415.0000,-2.7977E+001
2416.0000,-6.8746E+000
2417.0000,-1.7746E+000
2418.0000,-1.9909E+001
2419.0000,-2.1133E+001
2420.0000,-1.6992E+001
2421.0000,-1.9210E+001
2422.0000,-5.9833E+001
2423.0000,-3.3059E+001
2424.0000,-3.9808E+001
2425.0000,-3.2050E+001
2426.0000,-5.3788E+001
2427.0000,-4.5638E+001
2428.0000,-2.8543E+001
2429.0000,-3.2745E+001
2430.0000,-3.9625E+001
2431.0000,-2.9279E+001
2432.0000,-1.3862E+001
2433.0000,-2.6319E+001
2434.0000,-1.3709E+001
2435.0000,-1.3231E+001
2436.0000,-1.7073E+001
2437.0000,-2.4560E+001
2438.0000,-2.6368E+001
2439.0000,-2.2661E+001
2440.0000,-1.2216E+001
2441.0000,-4.5787E+000
2442.0000,-4.5429E+001
2443.0000,-6.1641E+001
2444.0000,-6.1847E+001
2445.0000,-6.4074E+001
2446.0000,-5.2050E+001
2447.0000,-7.1010E+001
2448.0000,-2.3121E+001
2449.0000,-3.7382E+001
2450.0000,-2.0443E+001
2451.0000,6.7321E+000
2452.0000,-8.3167E+001
2453.0000,-3.3193E+001
2454.0000,-5.0873E+001
2455.0000,-5.0479E+001
2456.0000,-2.2097E+001
2457.0000,-3.1177E+001
2458.0000,-2.2878E+001
2459.0000,-2.5926E+001
2460.0000,-4.0184E+001
2461.0000,-1.1246E+001
2462.0000,-1.2056E+001
2463.0000,-7.2516E+001
2464.0000,-6.3679E+001
2465.0000,-7.8626E+001
2466.0000,-7.6110E+001
2467.0000,-6.4808E+001
2468.0000,-2.6921E+001
2469.0000,-1.1969E+001
2470.0000,-6.8651E+000
2471.0000,-4.4198E+001
2472.0000,-2.4554E+001
2473.0000,-2.3301E+001
2474.0000,-4.5740E+001
2475.0000,-3.3712E+000
2476.0000,-6.8527E+001
2477.0000,-5.9930E+001
2478.0000,-4.8642E+001
2479.0000,-5.8290E+001
2480.0000,-8.4432E+001
2481.0000,-6.3306E+001
2482.0000,-5.8819E+001
2483.0000,1.5549E+000
2484.0000,7.4514E+000
2485.0000,-1.0111E+001
2486.0000,-3.8548E+001
2487.0000,-7.2788E+000
2488.0000,-4.1329E+001
2489.0000,-3.8191E+001
2490.0000,-2.0573E+001
2491.0000,-4.1254E+001
2492.0000,-1.0050E+002
2493.0000,-4.0979E+001
2494.0000,-3.1441E+001
2495.0000,-3.8369E+001
2496.0000,-1.2202E+001
2497.0000,-4.7538E+000
2498.0000,-6.3973E+000
2499.0000,2.8014E+000
2500.0000,2.1838E+001
2501.0000,-3.0085E+001
2502.0000,-5.4129E+001
2503.0000,-5.9119E+001
2504.0000,-3.8962E+001
2505.0000,-2.3600E+001
2506.0000,-1.6422E+001
2507.0000,-7.4598E+001
2508.0000,-6.1450E+001
2509.0000,-3.0894E+001
2510.0000,-5.2340E+000
2511.0000,-1.7272E+001
2512.0000,3.6203E+001
2513.0000,-2.3845E+001
2514.0000,-9.2006E+001
2515.0000,-6.4825E+001
2516.0000,-1.1495E+002
2517.0000,-7.1710E+001
2518.0000,-6.6776E+001
2519.0000,-5.9284E+001
2520.0000,-3.1161E+001
2521.0000,-1.8706E+001
2522.0000,-5.4365E+001
2523.0000,-4.7079E+001
2524.0000,-2.9041E+001
2525.0000,-3.2819E+001
2526.0000,-2.7438E+001
2527.0000,-4.4416E+001
2528.0000,-4.2052E+001
2529.0000,-3.7484E+001
2530.0000,-3.8592E+001
2531.0000,-2.0278E+001
2532.0000,-3.6874E+001
2533.0000,-6.3363E+000
2534.0000,-2.2456E+001
2535.0000,-9.4552E+000
2536.0000,-6.0131E+000
2537.0000,9.7081E-001
2538.0000,3.4511E+001
2539.0000,-2.0233E+001
2540.0000,-3.9606E+001
2541.0000,-5.1217E+001
2542.0000,-6.8764E+001
2543.0000,-9.8890E+001
2544.0000,-6.5284E+001
2545.0000,-1.3067E+001
2546.0000,-5.7384E+000
2547.0000,-2.3361E+001
2548.0000,-1.8407E+000
2549.0000,-1.9213E+001
2550.0000,-3.7525E+001
2551.0000,-3.1688E+001
2552.0000,-4.9752E+001
2553.0000,-7.4932E+001
2554.0000,-3.7454E+001
