"",25.000
0.0000,0.0000E+000
1.0000,0.0000E+000
2.0000,0.0000E+000
3.0000,0.0000E+000
4.0000,0.0000E+000
5.0000,0.0000E+000
6.0000,0.0000E+000
7.0000,0.0000E+000
8.0000,0.0000E+000
9.0000,0.0000E+000
10.0000,0.0000E+000
11.0000,0.0000E+000
12.0000,0.0000E+000
13.0000,0.0000E+000
14.0000,0.0000E+000
15.0000,0.0000E+000
16.0000,0.0000E+000
17.0000,0.0000E+000
18.0000,0.0000E+000
19.0000,0.0000E+000
20.0000,0.0000E+000
21.0000,0.0000E+000
22.0000,0.0000E+000
23.0000,0.0000E+000
24.0000,0.0000E+000
25.0000,0.0000E+000
26.0000,0.0000E+000
27.0000,0.0000E+000
28.0000,0.0000E+000
29.0000,0.0000E+000
30.0000,0.0000E+000
31.0000,0.0000E+000
32.0000,0.0000E+000
33.0000,0.0000E+000
34.0000,0.0000E+000
35.0000,0.0000E+000
36.0000,0.0000E+000
37.0000,6.8871E-001
38.0000,0.0000E+000
39.0000,0.0000E+000
40.0000,4.3582E+000
41.0000,4.5246E-001
42.0000,-1.7387E+000
43.0000,0.0000E+000
44.0000,0.0000E+000
45.0000,0.0000E+000
46.0000,0.0000E+000
47.0000,0.0000E+000
48.0000,0.0000E+000
49.0000,0.0000E+000
50.0000,0.0000E+000
51.0000,0.0000E+000
52.0000,0.0000E+000
53.0000,0.0000E+000
54.0000,0.0000E+000
55.0000,0.0000E+000
56.0000,0.0000E+000
57.0000,0.0000E+000
58.0000,0.0000E+000
59.0000,0.0000E+000
60.0000,0.0000E+000
61.0000,0.0000E+000
62.0000,0.0000E+000
63.0000,0.0000E+000
64.0000,1.0951E+000
65.0000,-1.9631E-001
66.0000,-6.3599E-002
67.0000,0.0000E+000
68.0000,2.4112E-001
69.0000,0.0000E+000
70.0000,0.0000E+000
71.0000,0.0000E+000
72.0000,0.0000E+000
73.0000,0.0000E+000
74.0000,3.4941E-001
75.0000,4.1018E+000
76.0000,2.8933E+000
77.0000,-2.8842E+000
78.0000,-1.7830E+001
79.0000,-1.4991E+001
80.0000,-7.5206E+000
81.0000,1.5170E+000
82.0000,1.5152E+001
83.0000,4.7445E+001
84.0000,-4.8247E+000
85.0000,-1.3291E+001
86.0000,-3.2942E+001
87.0000,-4.1675E+001
88.0000,-2.7969E+001
89.0000,-3.3195E+001
90.0000,-3.5360E+001
91.0000,-2.0615E+001
92.0000,-7.3716E+000
93.0000,-1.9353E+001
94.0000,-1.4965E+001
95.0000,-5.0256E+001
96.0000,-5.1566E+001
97.0000,-4.1194E+001
98.0000,-3.4084E+001
99.0000,-2.8610E+001
100.0000,-2.8134E+001
101.0000,-3.8283E+001
102.0000,-3.3543E+001
103.0000,-2.9176E+001
104.0000,-3.0477E+001
105.0000,-1.9064E+001
106.0000,-3.2789E+001
107.0000,-2.6120E+001
108.0000,6.3761E+000
109.0000,-1.4247E+001
110.0000,-5.4668E+001
111.0000,-4.0184E+001
112.0000,-3.0601E+001
113.0000,7.2347E+000
114.0000,7.8431E+001
115.0000,-1.0169E+001
116.0000,6.4452E+001
117.0000,-1.6244E+001
118.0000,-2.5543E+001
119.0000,-7.7896E+000
120.0000,-1.4903E+001
121.0000,-4.0545E+001
122.0000,-6.2484E+001
123.0000,-3.7824E+001
124.0000,-5.9187E+001
125.0000,-5.1768E+001
126.0000,-9.5488E+000
127.0000,-4.8466E+001
128.0000,-7.2750E+001
129.0000,-6.6040E+001
130.0000,-7.4212E+001
131.0000,-9.9030E+001
132.0000,-9.2235E+001
133.0000,-1.0241E+001
134.0000,-5.3619E+001
135.0000,-1.6547E+001
136.0000,-1.0426E+002
137.0000,-1.0009E+002
138.0000,-6.8872E+001
139.0000,-2.2288E+001
140.0000,-4.7952E+001
141.0000,-3.1933E+001
142.0000,-5.7447E+001
143.0000,-4.5303E+001
144.0000,-1.2478E+002
145.0000,-9.7427E+001
146.0000,-5.3576E+001
147.0000,-9.0240E+001
148.0000,-4.4971E+001
149.0000,-8.8404E+001
150.0000,-1.3008E+002
151.0000,-7.7757E+001
152.0000,-1.0354E+002
153.0000,-7.3948E+001
154.0000,-8.2184E+001
155.0000,-1.5315E+002
156.0000,-1.0557E+002
157.0000,-8.2407E+001
158.0000,-9.3680E+001
159.0000,-6.7515E+001
160.0000,-7.5551E+001
161.0000,-6.8048E+001
162.0000,-7.1505E+001
163.0000,-9.2484E+001
164.0000,-9.8703E+001
165.0000,-1.4969E+002
166.0000,-1.6319E+002
167.0000,-7.7761E+001
168.0000,-9.8396E+001
169.0000,-2.6637E+001
170.0000,-5.3721E+001
171.0000,-7.8826E+001
172.0000,-6.5977E+001
173.0000,-7.2951E+001
174.0000,-1.3081E+002
175.0000,-1.5902E+002
176.0000,-1.1033E+002
177.0000,-1.9723E+002
178.0000,-1.2284E+002
179.0000,-1.7938E+002
180.0000,-1.4208E+002
181.0000,-8.6661E+001
182.0000,-7.6476E+001
183.0000,-6.1201E+001
184.0000,-8.2777E+001
185.0000,-7.0030E+001
186.0000,-1.4336E+002
187.0000,-1.2385E+002
188.0000,-1.4432E+002
189.0000,-1.1057E+002
190.0000,-1.0855E+002
191.0000,-3.5770E+001
192.0000,-1.7690E+002
193.0000,-1.2528E+002
194.0000,-1.5530E+002
195.0000,-1.1516E+002
196.0000,-1.3718E+002
197.0000,-1.9427E+002
198.0000,-1.2431E+002
199.0000,-9.8324E+001
200.0000,-1.0580E+002
201.0000,-1.0258E+002
202.0000,-7.0026E+001
203.0000,-9.8528E+001
204.0000,-1.4869E+002
205.0000,-6.3544E+001
206.0000,-1.1562E+002
207.0000,-1.0127E+002
208.0000,-9.0853E+001
209.0000,-1.7106E+002
210.0000,-1.9066E+002
211.0000,-1.1564E+002
212.0000,-1.7111E+002
213.0000,-1.7720E+002
214.0000,-1.6898E+002
215.0000,-8.7400E+001
216.0000,-1.7484E+002
217.0000,-1.6782E+002
218.0000,-1.3414E+002
219.0000,-7.9864E+001
220.0000,-2.8810E+000
221.0000,-3.9766E+001
222.0000,-1.3402E+002
223.0000,-1.2219E+002
224.0000,-1.6333E+002
225.0000,-1.0693E+002
226.0000,-1.1108E+002
227.0000,-1.2714E+002
228.0000,-6.3415E+001
229.0000,-7.3706E+001
230.0000,-1.6439E+002
231.0000,-1.0031E+002
232.0000,-1.4019E+002
233.0000,-1.1213E+002
234.0000,-8.2821E+001
235.0000,-1.2801E+002
236.0000,-1.1706E+002
237.0000,-4.3017E+001
238.0000,-8.7753E+001
239.0000,-9.1628E+001
240.0000,-1.1715E+002
241.0000,-1.6836E+002
242.0000,-1.1461E+002
243.0000,-1.3541E+002
244.0000,-1.4468E+002
245.0000,-9.6978E+001
246.0000,-8.1295E+001
247.0000,-1.0049E+002
248.0000,-1.1164E+002
249.0000,-8.7588E+001
250.0000,-1.3661E+002
251.0000,-9.4919E+001
252.0000,-9.9607E+001
253.0000,-1.0951E+002
254.0000,-1.2283E+002
255.0000,-1.1749E+002
256.0000,-1.6146E+002
257.0000,-1.3204E+002
258.0000,-1.2476E+002
259.0000,-1.6100E+002
260.0000,-1.7054E+002
261.0000,-1.0538E+002
262.0000,-1.5186E+002
263.0000,-9.1433E+001
264.0000,-8.6894E+001
265.0000,-3.1893E+001
266.0000,-3.1676E+001
267.0000,-8.0933E+001
268.0000,-7.7010E+001
269.0000,-8.4780E+001
270.0000,-2.7897E+002
271.0000,-2.6800E+002
272.0000,-9.7409E+001
273.0000,-1.1750E+002
274.0000,-1.3475E+002
275.0000,-6.7052E+001
276.0000,-7.3904E+001
277.0000,-6.5039E+001
278.0000,-7.8394E+001
279.0000,-1.8083E+002
280.0000,-1.0234E+002
281.0000,-8.7063E+001
282.0000,-8.4131E+001
283.0000,-9.6945E+001
284.0000,-7.4046E+001
285.0000,-8.5034E+001
286.0000,-6.9862E+001
287.0000,-5.9080E+001
288.0000,-5.3938E+001
289.0000,-5.8551E+001
290.0000,-5.8236E+001
291.0000,-9.7234E+001
292.0000,-2.4530E+001
293.0000,-4.4733E+000
294.0000,3.2018E-001
295.0000,-1.1314E+002
296.0000,-8.4117E+001
297.0000,-4.6894E+001
298.0000,-1.3329E+001
299.0000,-3.3247E+001
300.0000,-3.8238E+001
301.0000,-2.2091E+001
302.0000,-4.3384E+000
303.0000,-1.2524E+002
304.0000,-6.3177E+001
305.0000,-5.9796E+001
306.0000,-1.0496E+002
307.0000,-6.3823E+001
308.0000,-7.5368E+001
309.0000,-6.6322E+001
310.0000,-3.4747E+001
311.0000,-1.8336E+001
312.0000,7.0974E+000
313.0000,-5.2978E+001
314.0000,-5.1448E+001
315.0000,-7.2159E+001
316.0000,-6.6221E+001
317.0000,-3.9845E+001
318.0000,-4.1253E+001
319.0000,-5.1081E+001
320.0000,-6.3303E+001
321.0000,-5.0626E+001
322.0000,-1.4634E+001
323.0000,-3.1203E+001
324.0000,-1.9856E+001
325.0000,-3.1980E+001
326.0000,-2.6823E+001
327.0000,-3.0508E+001
328.0000,-1.3973E+001
329.0000,-5.1987E+001
330.0000,-7.3166E+001
331.0000,-5.7156E+001
332.0000,-2.8250E+001
333.0000,-4.3668E+001
334.0000,-5.8188E+001
335.0000,-3.6221E+001
336.0000,-8.1767E+001
337.0000,-7.5920E+001
338.0000,-7.2848E+001
339.0000,-5.2286E+001
340.0000,-4.0275E+001
341.0000,-3.4024E+001
342.0000,-7.1105E+001
343.0000,-1.2271E+002
344.0000,-8.9562E+001
345.0000,-7.4477E+001
346.0000,-3.7523E+001
347.0000,-3.8926E+001
348.0000,-6.8212E+001
349.0000,-7.3446E+001
350.0000,-6.1472E+001
351.0000,-4.5724E+001
352.0000,-3.7462E+001
353.0000,-2.3366E+001
354.0000,-2.6051E+001
355.0000,-2.0054E+001
356.0000,-3.3421E+001
357.0000,-4.6171E+001
358.0000,-3.3291E+001
359.0000,-5.6264E+001
360.0000,-2.6049E+001
361.0000,-3.9266E+001
362.0000,-5.3604E+001
363.0000,-4.6024E+001
364.0000,-1.9134E+001
365.0000,-6.0504E+001
366.0000,-6.1346E+001
367.0000,0.0000E+000
368.0000,0.0000E+000
369.0000,0.0000E+000
370.0000,0.0000E+000
371.0000,0.0000E+000
372.0000,0.0000E+000
373.0000,0.0000E+000
374.0000,0.0000E+000
375.0000,0.0000E+000
376.0000,0.0000E+000
377.0000,0.0000E+000
378.0000,0.0000E+000
379.0000,0.0000E+000
380.0000,0.0000E+000
381.0000,0.0000E+000
382.0000,0.0000E+000
383.0000,0.0000E+000
384.0000,0.0000E+000
385.0000,0.0000E+000
386.0000,0.0000E+000
387.0000,0.0000E+000
388.0000,6.0174E-001
389.0000,0.0000E+000
390.0000,0.0000E+000
391.0000,0.0000E+000
392.0000,0.0000E+000
393.0000,0.0000E+000
394.0000,0.0000E+000
395.0000,0.0000E+000
396.0000,0.0000E+000
397.0000,0.0000E+000
398.0000,0.0000E+000
399.0000,0.0000E+000
400.0000,0.0000E+000
401.0000,0.0000E+000
402.0000,0.0000E+000
403.0000,0.0000E+000
404.0000,0.0000E+000
405.0000,0.0000E+000
406.0000,0.0000E+000
407.0000,0.0000E+000
408.0000,0.0000E+000
409.0000,0.0000E+000
410.0000,0.0000E+000
411.0000,0.0000E+000
412.0000,0.0000E+000
413.0000,0.0000E+000
414.0000,0.0000E+000
415.0000,0.0000E+000
416.0000,0.0000E+000
417.0000,0.0000E+000
418.0000,0.0000E+000
419.0000,0.0000E+000
420.0000,0.0000E+000
421.0000,0.0000E+000
422.0000,0.0000E+000
423.0000,0.0000E+000
424.0000,0.0000E+000
425.0000,0.0000E+000
426.0000,0.0000E+000
427.0000,0.0000E+000
428.0000,0.0000E+000
429.0000,0.0000E+000
430.0000,0.0000E+000
431.0000,0.0000E+000
432.0000,0.0000E+000
433.0000,1.5615E+000
434.0000,2.6463E+000
435.0000,3.7193E+000
436.0000,8.1928E+000
437.0000,5.5887E+000
438.0000,1.7824E+000
439.0000,7.6714E-001
440.0000,6.3176E-001
441.0000,7.7838E-001
442.0000,4.4382E+000
443.0000,-1.2521E+001
444.0000,-1.1239E+001
445.0000,-2.3702E+001
446.0000,-1.7165E+001
447.0000,-1.0100E+001
448.0000,-8.3447E+000
449.0000,-2.9024E+001
450.0000,-3.4292E+001
451.0000,-1.2333E+001
452.0000,-9.1654E+000
453.0000,-1.7527E+001
454.0000,8.6598E+000
455.0000,1.8911E+001
456.0000,9.1081E+001
457.0000,6.6977E+001
458.0000,-1.9639E+001
459.0000,-1.8596E+000
460.0000,-3.5948E-001
461.0000,7.1091E+000
462.0000,-5.9771E+001
463.0000,-3.3209E+001
464.0000,-3.9565E+001
465.0000,-1.1510E+001
466.0000,-3.2307E+001
467.0000,-1.2965E+001
468.0000,-1.1507E+001
469.0000,-1.2816E+001
470.0000,3.3367E+000
471.0000,-6.6534E+001
472.0000,-4.4286E+001
473.0000,-5.3663E+001
474.0000,-5.6804E+001
475.0000,-7.0884E+001
476.0000,-8.4256E+001
477.0000,-7.6038E+001
478.0000,-4.2142E+001
479.0000,-4.7199E+001
480.0000,-5.2383E+001
481.0000,-6.6097E+001
482.0000,-6.3206E+001
483.0000,-6.7881E+001
484.0000,3.3910E+000
485.0000,1.6921E+001
486.0000,-4.7324E+001
487.0000,-3.3761E+001
488.0000,-5.5234E+001
489.0000,-4.4193E+001
490.0000,-1.0284E+002
491.0000,-7.5302E+001
492.0000,-8.5200E+001
493.0000,-7.7392E+001
494.0000,-6.9580E+001
495.0000,-1.3943E+002
496.0000,-4.7071E+001
497.0000,-6.8230E+001
498.0000,-5.3517E+001
499.0000,-4.6517E+001
500.0000,-8.3669E+001
501.0000,-6.7100E+001
502.0000,-5.8569E+001
503.0000,-5.2219E+001
504.0000,-6.2709E+001
505.0000,-4.9439E+001
506.0000,-2.8921E+001
507.0000,-2.9192E+001
508.0000,2.1425E+001
509.0000,-3.4617E+000
510.0000,-9.2596E+001
511.0000,-1.0886E+002
512.0000,-1.5543E+002
513.0000,-1.3022E+002
514.0000,-1.4990E+002
515.0000,-1.0068E+002
516.0000,-1.6160E+002
517.0000,-1.3799E+002
518.0000,-1.4160E+002
519.0000,-1.3928E+002
520.0000,-7.4394E+001
521.0000,-1.6207E+002
522.0000,-9.3076E+001
523.0000,-1.5373E+002
524.0000,-5.1744E+001
525.0000,-1.2604E+002
526.0000,-1.2030E+002
527.0000,-1.3805E+001
528.0000,-7.3284E+001
529.0000,-1.0772E+002
530.0000,-1.2208E+002
531.0000,-8.6270E+001
532.0000,-1.4836E+002
533.0000,-9.5300E+001
534.0000,-7.4403E+001
535.0000,-1.1792E+002
536.0000,-1.4685E+002
537.0000,-8.5181E+001
538.0000,-1.0829E+002
539.0000,-1.9277E+002
540.0000,-1.7281E+002
541.0000,-1.1317E+002
542.0000,-1.2837E+002
543.0000,-1.5645E+002
544.0000,-1.8129E+002
545.0000,-1.5286E+002
546.0000,-2.0202E+002
547.0000,-2.2605E+002
548.0000,-1.7836E+002
549.0000,-1.2048E+002
550.0000,-6.5931E+001
551.0000,-5.6153E+001
552.0000,-8.5908E+001
553.0000,-9.6080E+001
554.0000,-1.7057E+002
555.0000,-1.9587E+002
556.0000,-2.1175E+002
557.0000,-1.4197E+002
558.0000,-1.3338E+002
559.0000,-1.5121E+002
560.0000,-5.9402E+001
561.0000,-2.0139E+002
562.0000,-1.3706E+002
563.0000,-1.8481E+002
564.0000,-1.9637E+002
565.0000,-1.3651E+002
566.0000,-1.7368E+002
567.0000,-1.4563E+002
568.0000,-7.7363E+001
569.0000,-9.9769E+001
570.0000,-1.5721E+002
571.0000,-2.1070E+002
572.0000,-2.1891E+002
573.0000,-1.5370E+002
574.0000,-2.2229E+002
575.0000,-1.6313E+002
576.0000,-1.2893E+002
577.0000,-1.5907E+002
578.0000,-1.3115E+002
579.0000,-1.0580E+002
580.0000,-1.3780E+002
581.0000,-1.8948E+002
582.0000,-2.2064E+002
583.0000,-1.2425E+002
584.0000,-1.3889E+002
585.0000,-2.6356E+001
586.0000,-6.1643E+001
587.0000,-1.1091E+002
588.0000,-1.2740E+002
589.0000,-1.5240E+002
590.0000,-1.0483E+002
591.0000,-1.3213E+002
592.0000,-2.1763E+002
593.0000,-1.8124E+002
594.0000,-1.2737E+002
595.0000,-1.1402E+002
596.0000,-6.5405E+001
597.0000,-5.0623E+001
598.0000,-5.9663E+001
599.0000,-1.4509E+002
600.0000,-1.6155E+002
601.0000,-1.9932E+002
602.0000,-1.8145E+002
603.0000,-1.6115E+002
604.0000,-1.1724E+002
605.0000,-1.4850E+002
606.0000,-6.7310E+001
607.0000,-7.4198E+001
608.0000,-2.8943E+001
609.0000,-7.8101E+001
610.0000,-1.9180E+002
611.0000,-2.3667E+002
612.0000,-1.2290E+002
613.0000,-1.1196E+002
614.0000,-8.6694E+001
615.0000,-1.2014E+002
616.0000,-1.0837E+002
617.0000,-1.0363E+002
618.0000,-8.0213E+001
619.0000,-1.0676E+002
620.0000,-7.2748E+001
621.0000,-9.1248E+001
622.0000,-1.0479E+002
623.0000,-6.0510E+001
624.0000,-8.0033E+001
625.0000,-6.0487E+001
626.0000,-7.7133E+001
627.0000,-5.3374E+001
628.0000,-1.1074E+001
629.0000,-2.6275E+001
630.0000,-3.5805E+001
631.0000,-2.1328E+001
632.0000,-1.4886E+002
633.0000,-8.5892E+001
634.0000,-8.3232E+001
635.0000,-8.6366E+001
636.0000,-4.6937E+001
637.0000,-5.1986E+001
638.0000,-1.1588E+002
639.0000,-1.2746E+002
640.0000,-1.3125E+002
641.0000,-8.7022E+001
642.0000,-9.8959E+001
643.0000,-9.0039E+001
644.0000,-8.2802E+001
645.0000,-1.0145E+002
646.0000,-5.4049E+001
647.0000,-4.4388E+001
648.0000,-3.9076E+001
649.0000,-6.0465E+001
650.0000,-8.1239E+001
651.0000,-1.3013E+002
652.0000,-1.3663E+002
653.0000,-8.2578E+001
654.0000,-9.2343E+001
655.0000,-8.3856E+001
656.0000,-9.9244E+001
657.0000,-9.8247E+001
658.0000,-8.0396E+001
659.0000,-7.7594E+001
660.0000,-9.5218E+001
661.0000,-1.7599E+001
662.0000,-2.0991E+001
663.0000,-1.3370E+001
664.0000,-2.2741E+002
665.0000,-2.0525E+002
666.0000,-1.2223E+002
667.0000,-1.0647E+002
668.0000,-7.7503E+001
669.0000,-6.6691E+001
670.0000,-6.5185E+001
671.0000,-7.2815E+001
672.0000,-9.1176E+001
673.0000,-1.1687E+002
674.0000,-6.1436E+001
675.0000,-8.8889E+001
676.0000,-4.8465E+001
677.0000,-4.4350E+001
678.0000,-3.1463E+001
679.0000,-3.3813E+001
680.0000,-4.5782E+001
681.0000,-5.7928E+001
682.0000,-1.0171E+002
683.0000,-5.8787E+001
684.0000,-3.9623E+001
685.0000,-3.2979E+001
686.0000,-7.3535E+001
687.0000,-5.8466E+001
688.0000,-7.0113E+001
689.0000,-7.3681E+001
690.0000,-3.4123E+000
691.0000,-1.0121E+002
692.0000,-6.5697E+001
693.0000,-4.8555E+001
694.0000,-1.4598E+002
695.0000,-1.0245E+002
696.0000,-5.3929E+001
697.0000,-5.9823E+001
698.0000,-1.0312E+001
699.0000,-9.1977E+001
700.0000,-7.4264E+001
701.0000,-4.7319E+001
702.0000,-4.3207E+001
703.0000,-5.9782E+001
704.0000,-8.5743E+001
705.0000,-7.9884E+001
706.0000,-6.3272E+001
707.0000,-4.3979E+001
708.0000,-4.1793E+001
709.0000,-3.0871E+001
710.0000,-5.9213E+001
711.0000,-1.2074E+002
712.0000,-6.4051E+001
713.0000,-4.6130E+001
714.0000,-3.0264E+001
715.0000,0.0000E+000
716.0000,0.0000E+000
717.0000,0.0000E+000
718.0000,0.0000E+000
719.0000,0.0000E+000
720.0000,0.0000E+000
721.0000,0.0000E+000
722.0000,0.0000E+000
723.0000,0.0000E+000
724.0000,0.0000E+000
725.0000,0.0000E+000
726.0000,0.0000E+000
727.0000,0.0000E+000
728.0000,0.0000E+000
729.0000,1.0967E+000
730.0000,-7.3084E-001
731.0000,0.0000E+000
732.0000,0.0000E+000
733.0000,0.0000E+000
734.0000,0.0000E+000
735.0000,0.0000E+000
736.0000,0.0000E+000
737.0000,0.0000E+000
738.0000,0.0000E+000
739.0000,0.0000E+000
740.0000,0.0000E+000
741.0000,0.0000E+000
742.0000,0.0000E+000
743.0000,0.0000E+000
744.0000,0.0000E+000
745.0000,0.0000E+000
746.0000,0.0000E+000
747.0000,0.0000E+000
748.0000,0.0000E+000
749.0000,0.0000E+000
750.0000,0.0000E+000
751.0000,0.0000E+000
752.0000,0.0000E+000
753.0000,0.0000E+000
754.0000,0.0000E+000
755.0000,0.0000E+000
756.0000,0.0000E+000
757.0000,0.0000E+000
758.0000,0.0000E+000
759.0000,0.0000E+000
760.0000,0.0000E+000
761.0000,0.0000E+000
762.0000,0.0000E+000
763.0000,0.0000E+000
764.0000,0.0000E+000
765.0000,0.0000E+000
766.0000,0.0000E+000
767.0000,0.0000E+000
768.0000,0.0000E+000
769.0000,0.0000E+000
770.0000,0.0000E+000
771.0000,0.0000E+000
772.0000,0.0000E+000
773.0000,0.0000E+000
774.0000,0.0000E+000
775.0000,0.0000E+000
776.0000,4.5508E-002
777.0000,3.0421E-001
778.0000,1.0709E+000
779.0000,0.0000E+000
780.0000,0.0000E+000
781.0000,0.0000E+000
782.0000,0.0000E+000
783.0000,0.0000E+000
784.0000,0.0000E+000
785.0000,0.0000E+000
786.0000,0.0000E+000
787.0000,0.0000E+000
788.0000,0.0000E+000
789.0000,0.0000E+000
790.0000,0.0000E+000
791.0000,0.0000E+000
792.0000,-1.9626E-001
793.0000,0.0000E+000
794.0000,0.0000E+000
795.0000,0.0000E+000
796.0000,-3.8298E-001
797.0000,0.0000E+000
798.0000,0.0000E+000
799.0000,0.0000E+000
800.0000,-1.0779E+000
801.0000,0.0000E+000
802.0000,0.0000E+000
803.0000,0.0000E+000
804.0000,0.0000E+000
805.0000,2.3289E+000
806.0000,6.3727E+000
807.0000,-1.0856E+000
808.0000,1.0126E-001
809.0000,2.0642E+000
810.0000,2.1517E+000
811.0000,-4.2609E-001
812.0000,0.0000E+000
813.0000,0.0000E+000
814.0000,0.0000E+000
815.0000,0.0000E+000
816.0000,0.0000E+000
817.0000,0.0000E+000
818.0000,0.0000E+000
819.0000,-1.6270E+001
820.0000,-2.2116E+001
821.0000,-9.1941E+000
822.0000,-9.4184E+000
823.0000,1.8687E+001
824.0000,-3.5280E+001
825.0000,-1.1176E+001
826.0000,4.7837E-001
827.0000,-5.9068E-001
828.0000,1.4151E+000
829.0000,7.6039E+001
830.0000,5.5854E+001
831.0000,-1.9899E+000
832.0000,-2.8259E+001
833.0000,-6.2663E+000
834.0000,-5.7143E+001
835.0000,-2.9775E+001
836.0000,-7.6708E+001
837.0000,-3.7778E+001
838.0000,-3.7534E+001
839.0000,-5.1005E+001
840.0000,-3.5250E+001
841.0000,-3.0394E+001
842.0000,-9.7941E+000
843.0000,-5.3535E+000
844.0000,-1.7184E+001
845.0000,-1.3533E+001
846.0000,-7.0633E+000
847.0000,-3.8673E+001
848.0000,-3.7372E+001
849.0000,-3.4501E+001
850.0000,3.5162E+000
851.0000,-4.3659E+001
852.0000,-3.5097E+001
853.0000,-3.6340E+001
854.0000,-6.7390E+001
855.0000,-3.2849E+001
856.0000,-1.6592E+001
857.0000,-2.8719E+001
858.0000,-2.4683E+001
859.0000,1.7347E+001
860.0000,3.3070E+001
861.0000,-2.3843E+000
862.0000,-1.9455E+001
863.0000,-8.3560E+001
864.0000,-1.2201E+002
865.0000,-1.1106E+002
866.0000,-1.0779E+002
867.0000,-9.4575E+001
868.0000,-2.3173E+001
869.0000,-3.9585E+001
870.0000,-3.5062E+001
871.0000,-1.9506E+001
872.0000,-1.1170E+001
873.0000,-3.2471E+001
874.0000,-1.1665E+002
875.0000,-1.6724E+002
876.0000,-1.2221E+002
877.0000,-6.7300E+001
878.0000,-6.7627E+001
879.0000,-2.0604E+001
880.0000,-1.5701E+001
881.0000,-1.3316E+002
882.0000,-8.8285E+001
883.0000,-6.5216E+001
884.0000,1.6885E+001
885.0000,-1.0434E+002
886.0000,-1.4141E+002
887.0000,-3.7750E+001
888.0000,-1.3592E+002
889.0000,-8.9917E+001
890.0000,-2.7608E+002
891.0000,-1.2152E+002
892.0000,-1.3475E+002
893.0000,-1.3144E+002
894.0000,-1.8706E+002
895.0000,-1.8789E+002
896.0000,-9.4678E+001
897.0000,-7.9404E+001
898.0000,-1.1000E+002
899.0000,-9.8235E+001
900.0000,-9.8314E+001
901.0000,-1.3597E+002
902.0000,-7.3013E+001
903.0000,-1.1083E+002
904.0000,-1.5367E+002
905.0000,-1.3799E+002
906.0000,-1.2147E+002
907.0000,-1.0923E+002
908.0000,-1.5338E+002
909.0000,-7.7405E+001
910.0000,-1.4172E+002
911.0000,-1.9133E+001
912.0000,-2.9823E+001
913.0000,-1.6865E+002
914.0000,-1.7417E+002
915.0000,-2.2543E+002
916.0000,-1.4609E+002
917.0000,-1.3802E+002
918.0000,-1.6448E+002
919.0000,-2.0738E+002
920.0000,-1.7029E+002
921.0000,-1.0926E+002
922.0000,-1.9554E+002
923.0000,-1.7505E+002
924.0000,-1.9865E+002
925.0000,-1.7778E+002
926.0000,-1.2523E+002
927.0000,-9.8246E+001
928.0000,-1.0468E+002
929.0000,-1.0349E+002
930.0000,-2.0222E+002
931.0000,-2.0840E+002
932.0000,-1.7312E+002
933.0000,-6.5097E+001
934.0000,-1.4200E+002
935.0000,-1.3858E+002
936.0000,-2.2665E+002
937.0000,-2.3919E+002
938.0000,-7.6243E+001
939.0000,-1.3994E+002
940.0000,-1.5543E+002
941.0000,-1.8802E+002
942.0000,-1.6116E+002
943.0000,-1.5360E+002
944.0000,-1.3676E+002
945.0000,-2.3357E+002
946.0000,-1.7924E+002
947.0000,-1.1828E+002
948.0000,-1.3856E+002
949.0000,-1.3722E+002
950.0000,-1.7353E+002
951.0000,-2.2872E+002
952.0000,-1.9710E+002
953.0000,-2.2473E+002
954.0000,-1.3918E+002
955.0000,-1.4959E+002
956.0000,-1.2163E+002
957.0000,-1.9930E+002
958.0000,-1.6598E+002
959.0000,-1.8499E+002
960.0000,-1.5740E+002
961.0000,-9.0680E+001
962.0000,-1.5112E+002
963.0000,-1.4377E+002
964.0000,-1.8646E+002
965.0000,-4.2972E+001
966.0000,-1.9253E+002
967.0000,-1.1139E+002
968.0000,-1.3000E+002
969.0000,-1.8418E+002
970.0000,-1.1508E+002
971.0000,-1.3481E+002
972.0000,-1.4474E+002
973.0000,-4.9466E+001
974.0000,-1.4637E+002
975.0000,-4.7681E+001
976.0000,-1.3747E+002
977.0000,-1.9691E+002
978.0000,-1.4597E+002
979.0000,-1.3968E+002
980.0000,-1.5475E+002
981.0000,-1.3181E+002
982.0000,-6.7035E+001
983.0000,-1.1004E+002
984.0000,-1.1877E+002
985.0000,-1.3677E+002
986.0000,-1.4903E+002
987.0000,-1.5353E+002
988.0000,-1.0639E+002
989.0000,-8.1898E+001
990.0000,-1.2202E+002
991.0000,-2.9575E+001
992.0000,-7.0647E+001
993.0000,-1.1929E+002
994.0000,-1.0360E+002
995.0000,-8.8552E+001
996.0000,-8.9529E+001
997.0000,-6.9277E+001
998.0000,-6.5367E+001
999.0000,-8.8749E+001
1000.0000,-5.1323E+001
1001.0000,-5.3567E+001
1002.0000,-2.5354E+002
1003.0000,-1.1910E+002
1004.0000,-7.9689E+001
1005.0000,-8.5578E+001
1006.0000,-7.8398E+001
1007.0000,-7.5878E+001
1008.0000,-7.4165E+001
1009.0000,-5.2584E+001
1010.0000,-8.0756E+001
1011.0000,-5.7223E+001
1012.0000,-6.1802E+001
1013.0000,-5.9134E+001
1014.0000,-2.1176E+001
1015.0000,-3.3703E+001
1016.0000,-1.2572E+002
1017.0000,-1.9743E+002
1018.0000,-7.7865E+001
1019.0000,-1.6956E+002
1020.0000,-1.1391E+002
1021.0000,-9.5486E+001
1022.0000,-1.8034E+002
1023.0000,-9.4039E+001
1024.0000,-9.2810E+001
1025.0000,-4.8061E+001
1026.0000,-3.9924E+001
1027.0000,-5.8784E+001
1028.0000,-7.8304E+001
1029.0000,-6.1355E+001
1030.0000,-5.1790E+001
1031.0000,-8.4118E+001
1032.0000,-8.9448E+001
1033.0000,-4.9283E+001
1034.0000,-6.4738E+001
1035.0000,-4.0823E+001
1036.0000,-6.0048E+001
1037.0000,-7.4415E+001
1038.0000,-5.8683E+001
1039.0000,-5.4510E+001
1040.0000,-3.0995E+001
1041.0000,-5.5749E+001
1042.0000,-5.3553E+001
1043.0000,-8.9277E+001
1044.0000,-4.9597E+001
1045.0000,-6.1607E+001
1046.0000,-5.3853E+001
1047.0000,-3.9903E+001
1048.0000,-4.8908E+001
1049.0000,-7.3625E+001
1050.0000,-7.8786E+001
1051.0000,-6.1480E+001
1052.0000,-6.6470E+001
1053.0000,-2.6587E+001
1054.0000,-4.7268E+001
1055.0000,-3.6739E+001
1056.0000,-3.3023E+001
1057.0000,-3.5294E+001
1058.0000,-1.9478E+001
1059.0000,9.5060E-001
1060.0000,-4.0966E+001
1061.0000,-4.2875E+001
1062.0000,-3.7739E+001
1063.0000,-6.1644E+001
1064.0000,-5.7977E+001
1065.0000,-5.5166E+001
1066.0000,-5.4531E+001
1067.0000,-7.4652E+000
1068.0000,-3.1991E+001
1069.0000,-5.8350E+001
1070.0000,-4.9571E+001
1071.0000,-4.5998E+001
1072.0000,-5.0683E+001
1073.0000,-6.2336E+001
1074.0000,-5.8884E+001
1075.0000,-3.7004E+001
1076.0000,-1.8007E+001
1077.0000,-1.4304E+001
1078.0000,1.7570E+001
1079.0000,-6.6706E+001
1080.0000,-2.7460E+001
1081.0000,-3.2419E+001
1082.0000,-2.9816E+001
1083.0000,-2.3653E+001
1084.0000,-1.2647E+001
1085.0000,-1.4418E+001
1086.0000,-4.1043E+001
1087.0000,-2.8850E+001
1088.0000,-3.1056E+001
1089.0000,-2.1706E+001
1090.0000,-2.3213E+001
1091.0000,-3.2625E+001
1092.0000,-2.1238E+001
1093.0000,-1.3172E+001
1094.0000,-1.6006E+001
1095.0000,-1.1034E+001
1096.0000,-8.0112E+001
1097.0000,-5.7685E+001
1098.0000,-4.3414E+001
1099.0000,-1.3561E+001
1100.0000,-1.1760E+001
1101.0000,-1.9900E+001
1102.0000,-1.4511E+001
1103.0000,-1.3249E+001
1104.0000,-1.1273E+001
1105.0000,-8.9016E+000
1106.0000,-2.2394E+001
1107.0000,-6.0401E+001
1108.0000,-2.2789E+001
1109.0000,-2.3154E+001
1110.0000,0.0000E+000
1111.0000,0.0000E+000
1112.0000,0.0000E+000
1113.0000,0.0000E+000
1114.0000,0.0000E+000
1115.0000,0.0000E+000
1116.0000,0.0000E+000
1117.0000,0.0000E+000
1118.0000,0.0000E+000
1119.0000,0.0000E+000
1120.0000,0.0000E+000
1121.0000,0.0000E+000
1122.0000,0.0000E+000
1123.0000,0.0000E+000
1124.0000,0.0000E+000
1125.0000,0.0000E+000
1126.0000,0.0000E+000
1127.0000,0.0000E+000
1128.0000,0.0000E+000
1129.0000,0.0000E+000
1130.0000,0.0000E+000
1131.0000,0.0000E+000
1132.0000,0.0000E+000
1133.0000,0.0000E+000
1134.0000,0.0000E+000
1135.0000,0.0000E+000
1136.0000,0.0000E+000
1137.0000,0.0000E+000
1138.0000,0.0000E+000
1139.0000,0.0000E+000
1140.0000,0.0000E+000
1141.0000,-5.1285E-004
1142.0000,0.0000E+000
1143.0000,0.0000E+000
1144.0000,0.0000E+000
1145.0000,0.0000E+000
1146.0000,0.0000E+000
1147.0000,0.0000E+000
1148.0000,0.0000E+000
1149.0000,0.0000E+000
1150.0000,0.0000E+000
1151.0000,0.0000E+000
1152.0000,-2.0745E+000
1153.0000,0.0000E+000
1154.0000,-1.1294E+000
1155.0000,0.0000E+000
1156.0000,-2.6960E-001
1157.0000,0.0000E+000
1158.0000,0.0000E+000
1159.0000,0.0000E+000
1160.0000,0.0000E+000
1161.0000,2.5142E+000
1162.0000,7.0298E+000
1163.0000,-3.9567E+001
1164.0000,-2.8577E+001
1165.0000,-1.0156E+001
1166.0000,2.7862E+001
1167.0000,2.1137E+001
1168.0000,6.3807E+000
1169.0000,5.5283E+001
1170.0000,3.6850E+001
1171.0000,6.5268E+001
1172.0000,6.4475E+001
1173.0000,6.6866E+001
1174.0000,9.4420E+001
1175.0000,3.1203E+001
1176.0000,2.7097E+001
1177.0000,1.7839E+001
1178.0000,1.0503E+001
1179.0000,7.8497E+000
1180.0000,-4.8196E+001
1181.0000,-9.0800E+001
1182.0000,-7.1731E+000
1183.0000,-2.7384E+001
1184.0000,-5.5018E+001
1185.0000,-2.9901E+001
1186.0000,-2.5114E+001
1187.0000,-3.8748E+001
1188.0000,-2.4880E+001
1189.0000,-2.3897E+001
1190.0000,-6.6324E+001
1191.0000,-6.6307E+001
1192.0000,-6.7269E+001
1193.0000,-3.9892E+001
1194.0000,-6.3185E+001
1195.0000,-1.2840E+002
1196.0000,-7.9032E+001
1197.0000,-4.5094E+001
1198.0000,-6.8108E+001
1199.0000,-3.9908E+001
1200.0000,1.5678E+001
1201.0000,5.7896E+001
1202.0000,-5.6392E+001
1203.0000,-6.1132E+001
1204.0000,-2.6979E+001
1205.0000,-5.0076E+001
1206.0000,-4.3767E+001
1207.0000,-6.9128E+001
1208.0000,-7.7809E+001
1209.0000,-7.2024E+001
1210.0000,-5.0363E+001
1211.0000,-2.3167E+001
1212.0000,-8.7928E+001
1213.0000,-1.1915E+002
1214.0000,-5.3782E+001
1215.0000,-4.0500E+001
1216.0000,-4.0299E+001
1217.0000,-1.8864E+001
1218.0000,2.4314E+001
1219.0000,-4.8906E+000
1220.0000,-7.6989E+001
1221.0000,-6.2347E+001
1222.0000,-2.3534E+001
1223.0000,-1.1519E+002
1224.0000,-9.2414E+001
1225.0000,-8.1279E+001
1226.0000,-1.6170E+002
1227.0000,-4.7602E+001
1228.0000,-7.0645E+001
1229.0000,-1.0910E+002
1230.0000,-1.2640E+002
1231.0000,-1.1805E+002
1232.0000,-1.3900E+002
1233.0000,-1.2055E+002
1234.0000,-9.4518E+001
1235.0000,-4.4525E+001
1236.0000,-1.1375E+002
1237.0000,-8.4852E+001
1238.0000,-1.7836E+002
1239.0000,-1.1473E+002
1240.0000,-2.6166E+001
1241.0000,-1.0280E+002
1242.0000,-5.3422E+001
1243.0000,-8.1954E+001
1244.0000,-1.0265E+002
1245.0000,-1.4677E+002
1246.0000,-1.0220E+002
1247.0000,-1.0419E+002
1248.0000,-1.5510E+002
1249.0000,-1.2787E+002
1250.0000,-7.7688E+001
1251.0000,-1.0914E+002
1252.0000,-1.3592E+002
1253.0000,-1.5112E+002
1254.0000,-1.7631E+002
1255.0000,-1.5315E+002
1256.0000,-1.5742E+002
1257.0000,-1.0697E+002
1258.0000,-1.7013E+002
1259.0000,-1.4406E+002
1260.0000,-1.7253E+002
1261.0000,-1.4344E+002
1262.0000,-1.1955E+002
1263.0000,-5.8888E+001
1264.0000,-1.7993E+002
1265.0000,-4.0374E+001
1266.0000,-9.6816E+001
1267.0000,-8.1881E+001
1268.0000,-1.5127E+002
1269.0000,-1.2514E+002
1270.0000,-1.8219E+002
1271.0000,-1.5372E+002
1272.0000,-1.9553E+002
1273.0000,-1.9374E+002
1274.0000,-9.2239E+001
1275.0000,-1.3344E+002
1276.0000,-1.2430E+002
1277.0000,-1.3047E+002
1278.0000,-2.6093E+002
1279.0000,-1.7713E+002
1280.0000,-1.2011E+002
1281.0000,-1.5221E+002
1282.0000,-7.8856E+001
1283.0000,-1.8688E+002
1284.0000,-2.4107E+002
1285.0000,-1.9876E+002
1286.0000,-2.5358E+002
1287.0000,-2.7543E+002
1288.0000,-3.0338E+002
1289.0000,-2.5496E+002
1290.0000,-1.5355E+002
1291.0000,-1.3390E+002
1292.0000,-2.0928E+002
1293.0000,-1.7586E+002
1294.0000,-1.4915E+002
1295.0000,-2.1470E+002
1296.0000,-1.7663E+002
1297.0000,-2.3933E+002
1298.0000,-1.8049E+002
1299.0000,-2.1759E+002
1300.0000,-1.3631E+002
1301.0000,-1.9159E+002
1302.0000,-6.9299E+001
1303.0000,-2.2500E+002
1304.0000,-1.5726E+002
1305.0000,-2.1332E+002
1306.0000,-1.6475E+002
1307.0000,-1.7045E+002
1308.0000,-1.6995E+002
1309.0000,-2.2710E+002
1310.0000,-1.7545E+002
1311.0000,-1.6760E+002
1312.0000,-1.8124E+002
1313.0000,-1.7656E+002
1314.0000,-2.2839E+002
1315.0000,-2.0126E+002
1316.0000,-1.4987E+002
1317.0000,-1.5845E+002
1318.0000,-1.8900E+002
1319.0000,-1.1415E+002
1320.0000,-1.0944E+002
1321.0000,-1.1761E+002
1322.0000,-1.6275E+002
1323.0000,-1.4500E+002
1324.0000,-1.3908E+002
1325.0000,-1.0716E+002
1326.0000,-1.5551E+002
1327.0000,-1.1092E+002
1328.0000,-1.2008E+002
1329.0000,-1.9813E+002
1330.0000,-1.5189E+002
1331.0000,-1.3839E+002
1332.0000,-1.4037E+002
1333.0000,-8.2224E+001
1334.0000,-4.5534E+001
1335.0000,-9.6608E+001
1336.0000,-1.2474E+002
1337.0000,-1.0884E+002
1338.0000,-1.1867E+002
1339.0000,-1.5328E+002
1340.0000,-1.2405E+002
1341.0000,-9.1999E+001
1342.0000,-3.5346E+001
1343.0000,-1.1686E+002
1344.0000,-1.7674E+002
1345.0000,-1.0626E+002
1346.0000,-1.7273E+002
1347.0000,-1.7418E+002
1348.0000,-1.1130E+002
1349.0000,-1.6778E+002
1350.0000,-1.4690E+002
1351.0000,-1.9834E+002
1352.0000,-1.5625E+002
1353.0000,-1.0942E+002
1354.0000,-1.5175E+002
1355.0000,-1.3341E+002
1356.0000,-1.5122E+002
1357.0000,-1.4597E+002
1358.0000,-1.0083E+002
1359.0000,-1.3668E+002
1360.0000,-9.9792E+001
1361.0000,-1.1442E+002
1362.0000,-1.2599E+002
1363.0000,-1.3624E+002
1364.0000,-1.0664E+002
1365.0000,-1.1471E+002
1366.0000,-8.6545E+001
1367.0000,-1.0044E+002
1368.0000,-8.1491E+001
1369.0000,-9.1528E+001
1370.0000,-7.4321E+001
1371.0000,-6.4670E+001
1372.0000,-6.5291E+001
1373.0000,-1.4457E+002
1374.0000,-1.7636E+002
1375.0000,-1.0544E+002
1376.0000,-1.3610E+002
1377.0000,-1.6117E+002
1378.0000,-1.0831E+002
1379.0000,-1.2314E+002
1380.0000,-1.1844E+002
1381.0000,-1.0642E+002
1382.0000,1.9868E+001
1383.0000,-7.8487E+001
1384.0000,-6.5275E+001
1385.0000,-2.7190E+001
1386.0000,-2.4244E+001
1387.0000,-5.0152E+001
1388.0000,-4.9083E+001
1389.0000,-5.5912E+001
1390.0000,-2.6953E+001
1391.0000,2.3946E-001
1392.0000,1.5009E+001
1393.0000,3.9473E+001
1394.0000,-1.6839E+002
1395.0000,-9.3177E+001
1396.0000,-7.4043E+001
1397.0000,-6.6467E+001
1398.0000,-1.0288E+002
1399.0000,-1.2299E+002
1400.0000,-7.8081E+001
1401.0000,-7.6360E+001
1402.0000,-4.5372E+001
1403.0000,-5.0249E+001
1404.0000,-5.7878E+001
1405.0000,-4.8147E+001
1406.0000,-1.9054E+001
1407.0000,-3.3687E+001
1408.0000,-4.3942E+001
1409.0000,-2.2227E+001
1410.0000,8.0637E+000
1411.0000,-1.0451E+002
1412.0000,-1.2150E+002
1413.0000,-7.9432E+001
1414.0000,-5.6729E+001
1415.0000,-3.8353E+001
1416.0000,-4.8871E+001
1417.0000,-4.2793E+001
1418.0000,-4.0099E+001
1419.0000,-1.1517E+001
1420.0000,-1.8728E+001
1421.0000,-2.7822E+001
1422.0000,-9.3514E+001
1423.0000,-1.2315E+002
1424.0000,-7.8642E+001
1425.0000,-5.7150E+001
1426.0000,-6.8389E+001
1427.0000,-5.9911E+001
1428.0000,-5.3064E+001
1429.0000,-2.6709E+001
1430.0000,-1.9316E+001
1431.0000,2.7630E+001
1432.0000,-1.1741E+001
1433.0000,4.3804E+000
1434.0000,-6.2205E+001
1435.0000,-5.9733E+001
1436.0000,-1.4472E+001
1437.0000,-3.8142E+001
1438.0000,-3.8925E+001
1439.0000,-2.5268E+001
1440.0000,-3.6920E+001
1441.0000,-4.3097E+001
1442.0000,-6.3136E+001
1443.0000,-3.3036E+001
1444.0000,-3.2171E+001
1445.0000,-9.2598E+000
1446.0000,-3.2875E+001
1447.0000,-2.8553E+001
1448.0000,-2.3619E+001
1449.0000,-2.5977E+001
1450.0000,-1.0524E+002
1451.0000,-4.7984E+001
1452.0000,-3.5485E+001
1453.0000,-3.7482E+001
1454.0000,-4.6739E+001
1455.0000,-5.4635E+001
1456.0000,-4.0288E+001
1457.0000,-2.4598E+001
1458.0000,-1.8048E+001
1459.0000,-3.3013E+001
1460.0000,-4.5498E+001
1461.0000,-5.0277E+001
1462.0000,-4.2650E+001
1463.0000,-2.6779E+001
1464.0000,-3.1412E+001
1465.0000,-2.7392E+001
1466.0000,-1.4085E+001
1467.0000,-2.9106E+001
1468.0000,-1.9479E+001
1469.0000,-1.7496E+001
1470.0000,-1.5736E+001
1471.0000,-7.6501E-001
1472.0000,1.4716E+001
1473.0000,-3.3865E+001
1474.0000,-5.3299E+001
1475.0000,-3.5257E+001
1476.0000,0.0000E+000
1477.0000,0.0000E+000
1478.0000,0.0000E+000
1479.0000,0.0000E+000
1480.0000,0.0000E+000
1481.0000,0.0000E+000
1482.0000,0.0000E+000
1483.0000,0.0000E+000
1484.0000,0.0000E+000
1485.0000,0.0000E+000
1486.0000,0.0000E+000
1487.0000,0.0000E+000
1488.0000,-1.9486E-001
1489.0000,0.0000E+000
1490.0000,-4.1819E-001
1491.0000,0.0000E+000
1492.0000,0.0000E+000
1493.0000,0.0000E+000
1494.0000,0.0000E+000
1495.0000,0.0000E+000
1496.0000,0.0000E+000
1497.0000,0.0000E+000
1498.0000,0.0000E+000
1499.0000,0.0000E+000
1500.0000,0.0000E+000
1501.0000,0.0000E+000
1502.0000,1.2506E+000
1503.0000,0.0000E+000
1504.0000,0.0000E+000
1505.0000,0.0000E+000
1506.0000,0.0000E+000
1507.0000,0.0000E+000
1508.0000,0.0000E+000
1509.0000,0.0000E+000
1510.0000,0.0000E+000
1511.0000,0.0000E+000
1512.0000,0.0000E+000
1513.0000,0.0000E+000
1514.0000,0.0000E+000
1515.0000,0.0000E+000
1516.0000,0.0000E+000
1517.0000,0.0000E+000
1518.0000,0.0000E+000
1519.0000,0.0000E+000
1520.0000,0.0000E+000
1521.0000,0.0000E+000
1522.0000,0.0000E+000
1523.0000,0.0000E+000
1524.0000,0.0000E+000
1525.0000,0.0000E+000
1526.0000,0.0000E+000
1527.0000,0.0000E+000
1528.0000,0.0000E+000
1529.0000,5.4986E-001
1530.0000,6.6781E-002
1531.0000,0.0000E+000
1532.0000,0.0000E+000
1533.0000,0.0000E+000
1534.0000,0.0000E+000
1535.0000,0.0000E+000
1536.0000,0.0000E+000
1537.0000,0.0000E+000
1538.0000,0.0000E+000
1539.0000,0.0000E+000
1540.0000,0.0000E+000
1541.0000,0.0000E+000
1542.0000,0.0000E+000
1543.0000,0.0000E+000
1544.0000,0.0000E+000
1545.0000,0.0000E+000
1546.0000,0.0000E+000
1547.0000,0.0000E+000
1548.0000,0.0000E+000
1549.0000,-2.2624E+000
1550.0000,1.3666E+000
1551.0000,0.0000E+000
1552.0000,0.0000E+000
1553.0000,0.0000E+000
1554.0000,0.0000E+000
1555.0000,-1.2909E+000
1556.0000,-2.4290E+000
1557.0000,8.5277E+000
1558.0000,-7.6437E+000
1559.0000,1.0712E+001
1560.0000,1.9197E+000
1561.0000,-1.0313E+001
1562.0000,-7.5100E-001
1563.0000,-1.5171E+001
1564.0000,-7.9144E+000
1565.0000,2.9889E+001
1566.0000,-4.5526E+000
1567.0000,-4.7127E+000
1568.0000,9.7020E+000
1569.0000,-6.0460E+000
1570.0000,-4.0253E+001
1571.0000,-2.9527E+001
1572.0000,-1.0328E+001
1573.0000,4.0575E+000
1574.0000,-2.6866E+001
1575.0000,-3.1357E+001
1576.0000,-3.3254E+001
1577.0000,4.2726E+000
1578.0000,1.1618E+000
1579.0000,-3.4494E+000
1580.0000,3.8893E+001
1581.0000,2.2308E+001
1582.0000,-9.7376E-001
1583.0000,-5.4127E+001
1584.0000,1.2835E+001
1585.0000,1.4571E+000
1586.0000,-2.2599E+001
1587.0000,-3.3095E+001
1588.0000,-8.3110E+001
1589.0000,-8.0545E+001
1590.0000,-1.0850E+002
1591.0000,-7.5046E+001
1592.0000,-1.3586E+002
1593.0000,-7.8029E+001
1594.0000,-6.8970E+001
1595.0000,4.0344E+001
1596.0000,-5.0183E+001
1597.0000,-7.0432E+001
1598.0000,-2.4011E+001
1599.0000,-6.1933E+000
1600.0000,2.3742E+001
1601.0000,-1.7885E+001
1602.0000,-1.4300E+001
1603.0000,-5.0156E+001
1604.0000,-9.9274E+001
1605.0000,-1.2324E+002
1606.0000,-7.3541E+001
1607.0000,-5.9725E+001
1608.0000,-6.3436E+001
1609.0000,-1.2062E+000
1610.0000,-1.0452E+001
1611.0000,-1.9118E+001
1612.0000,-2.8307E+001
1613.0000,-8.0345E+001
1614.0000,-8.9298E+001
1615.0000,-1.4030E+002
1616.0000,-1.5647E+002
1617.0000,-8.8673E+001
1618.0000,-8.0881E+001
1619.0000,-7.7006E+001
1620.0000,-8.0782E+001
1621.0000,-3.7421E+001
1622.0000,-8.2715E+001
1623.0000,-7.7417E+001
1624.0000,-1.2404E+002
1625.0000,-1.3525E+002
1626.0000,-1.4792E+002
1627.0000,-8.2153E+001
1628.0000,-1.4972E+002
1629.0000,-1.5654E+002
1630.0000,-1.7216E+002
1631.0000,-1.8117E+002
1632.0000,-1.3869E+002
1633.0000,-4.2650E+001
1634.0000,-3.7746E+001
1635.0000,-9.9834E+001
1636.0000,-9.2952E+001
1637.0000,-9.6259E+001
1638.0000,-8.8518E+001
1639.0000,-1.7306E+002
1640.0000,-1.5357E+002
1641.0000,-1.5135E+002
1642.0000,-1.8419E+002
1643.0000,-1.6531E+002
1644.0000,-1.6220E+002
1645.0000,-1.4309E+002
1646.0000,-1.6173E+002
1647.0000,-1.4038E+002
1648.0000,-1.3614E+002
1649.0000,-1.0733E+002
1650.0000,-1.1541E+002
1651.0000,-7.2056E+001
1652.0000,-1.9104E+002
1653.0000,-2.1289E+002
1654.0000,-1.9831E+002
1655.0000,-1.5339E+002
1656.0000,-1.1012E+002
1657.0000,-1.2247E+002
1658.0000,-1.0998E+002
1659.0000,-1.7243E+002
1660.0000,-2.1797E+002
1661.0000,-1.9953E+002
1662.0000,-1.9893E+002
1663.0000,-1.7573E+002
1664.0000,-1.3480E+002
1665.0000,-1.9246E+002
1666.0000,-1.6078E+002
1667.0000,-1.6111E+002
1668.0000,-2.2006E+002
1669.0000,-2.0355E+002
1670.0000,-1.2469E+002
1671.0000,-2.0538E+002
1672.0000,-6.1021E+001
1673.0000,-1.3706E+002
1674.0000,-1.3359E+002
1675.0000,-1.7364E+002
1676.0000,-1.5842E+002
1677.0000,-1.7541E+002
1678.0000,-8.3949E+001
1679.0000,-7.8702E+001
1680.0000,-1.5861E+002
1681.0000,-1.2327E+002
1682.0000,-1.7845E+002
1683.0000,-1.1993E+002
1684.0000,-8.3759E+001
1685.0000,-1.7118E+002
1686.0000,-1.3174E+002
1687.0000,-1.1822E+002
1688.0000,-1.3325E+002
1689.0000,-1.1283E+002
1690.0000,-1.7103E+002
1691.0000,-1.4380E+002
1692.0000,-1.2198E+002
1693.0000,-1.1985E+002
1694.0000,-3.0758E+001
1695.0000,-1.4010E+002
1696.0000,-1.6460E+002
1697.0000,-1.2736E+002
1698.0000,-1.1599E+002
1699.0000,-8.1813E+001
1700.0000,-5.9856E+001
1701.0000,-1.2205E+002
1702.0000,-1.3837E+002
1703.0000,-1.2252E+002
1704.0000,-1.2817E+002
1705.0000,-2.1404E+002
1706.0000,-2.2092E+002
1707.0000,-1.4041E+002
1708.0000,-1.5325E+002
1709.0000,-1.8316E+002
1710.0000,-1.0440E+002
1711.0000,-1.4530E+002
1712.0000,-1.1574E+002
1713.0000,-1.2900E+002
1714.0000,-9.6516E+001
1715.0000,-1.2090E+002
1716.0000,-2.1202E+002
1717.0000,-1.7332E+002
1718.0000,-1.3016E+002
1719.0000,-8.1780E+001
1720.0000,-1.3015E+002
1721.0000,-9.1820E+001
1722.0000,-2.8957E+001
1723.0000,-1.8865E+001
1724.0000,-1.5131E+002
1725.0000,-1.0659E+002
1726.0000,-1.3600E+002
1727.0000,-1.2239E+002
1728.0000,-9.9505E+001
1729.0000,-1.0427E+002
1730.0000,-9.4040E+001
1731.0000,-1.0301E+002
1732.0000,-4.4553E+001
1733.0000,-1.1688E+002
1734.0000,-9.7036E+001
1735.0000,-5.3882E+001
1736.0000,-1.0808E+002
1737.0000,-5.0009E+000
1738.0000,-2.5276E+001
1739.0000,-4.5498E+001
1740.0000,-1.2664E+002
1741.0000,-9.5906E+001
1742.0000,-9.4901E+001
1743.0000,-9.2459E+001
1744.0000,-6.6258E+001
1745.0000,-6.0722E+001
1746.0000,-1.1236E+002
1747.0000,-6.9527E+001
1748.0000,-9.7775E+001
1749.0000,-1.0618E+002
1750.0000,-4.1252E+001
1751.0000,-1.0145E+002
1752.0000,-7.0829E+001
1753.0000,-7.6554E+001
1754.0000,-9.0277E+001
1755.0000,-1.0266E+002
1756.0000,-6.1359E+001
1757.0000,-6.8908E+001
1758.0000,-5.5635E+001
1759.0000,-2.0064E+002
1760.0000,-6.0496E+001
1761.0000,-6.5884E+001
1762.0000,-6.8289E+001
1763.0000,-3.5200E+001
1764.0000,1.3511E+001
1765.0000,-5.1207E+001
1766.0000,-4.6925E+001
1767.0000,-3.7791E+001
1768.0000,-8.8317E+001
1769.0000,-2.6689E+001
1770.0000,-2.3669E+001
1771.0000,-8.5676E+001
1772.0000,-6.7041E+001
1773.0000,-9.3685E+001
1774.0000,-1.1659E+002
1775.0000,-6.5940E+001
1776.0000,-1.4516E+002
1777.0000,-7.4663E+001
1778.0000,-1.1080E+002
1779.0000,-5.0424E+001
1780.0000,-4.1040E+001
1781.0000,5.0649E+001
1782.0000,-8.8226E+001
1783.0000,-5.7364E+001
1784.0000,-7.0075E+001
1785.0000,-3.0378E+001
1786.0000,-3.7591E+001
1787.0000,-8.4507E+001
1788.0000,-8.6021E+001
1789.0000,-1.2894E+002
1790.0000,-4.1291E+001
1791.0000,-9.4102E+001
1792.0000,-5.0780E+001
1793.0000,-5.0070E+001
1794.0000,-5.9798E+001
1795.0000,-2.4992E+001
1796.0000,-2.5799E+001
1797.0000,-2.7622E+001
1798.0000,-8.8337E+000
1799.0000,-3.4983E+001
1800.0000,-9.3607E+001
1801.0000,-9.4593E+001
1802.0000,-4.4749E+001
1803.0000,-2.3985E+001
1804.0000,-5.6926E+001
1805.0000,-4.1581E+001
1806.0000,-5.0361E+001
1807.0000,-2.9926E+001
1808.0000,-3.6578E+001
1809.0000,-3.7409E+001
1810.0000,-4.4370E+001
1811.0000,0.0000E+000
1812.0000,0.0000E+000
1813.0000,0.0000E+000
1814.0000,0.0000E+000
1815.0000,0.0000E+000
1816.0000,0.0000E+000
1817.0000,0.0000E+000
1818.0000,0.0000E+000
1819.0000,0.0000E+000
1820.0000,0.0000E+000
1821.0000,0.0000E+000
1822.0000,0.0000E+000
1823.0000,0.0000E+000
1824.0000,0.0000E+000
1825.0000,0.0000E+000
1826.0000,0.0000E+000
1827.0000,0.0000E+000
1828.0000,0.0000E+000
1829.0000,0.0000E+000
1830.0000,0.0000E+000
1831.0000,0.0000E+000
1832.0000,0.0000E+000
1833.0000,0.0000E+000
1834.0000,0.0000E+000
1835.0000,0.0000E+000
1836.0000,0.0000E+000
1837.0000,0.0000E+000
1838.0000,0.0000E+000
1839.0000,0.0000E+000
1840.0000,0.0000E+000
1841.0000,0.0000E+000
1842.0000,0.0000E+000
1843.0000,0.0000E+000
1844.0000,0.0000E+000
1845.0000,0.0000E+000
1846.0000,0.0000E+000
1847.0000,0.0000E+000
1848.0000,0.0000E+000
1849.0000,0.0000E+000
1850.0000,0.0000E+000
1851.0000,0.0000E+000
1852.0000,0.0000E+000
1853.0000,0.0000E+000
1854.0000,0.0000E+000
1855.0000,0.0000E+000
1856.0000,0.0000E+000
1857.0000,0.0000E+000
1858.0000,0.0000E+000
1859.0000,0.0000E+000
1860.0000,0.0000E+000
1861.0000,0.0000E+000
1862.0000,0.0000E+000
1863.0000,0.0000E+000
1864.0000,0.0000E+000
1865.0000,0.0000E+000
1866.0000,0.0000E+000
1867.0000,0.0000E+000
1868.0000,0.0000E+000
1869.0000,0.0000E+000
1870.0000,0.0000E+000
1871.0000,0.0000E+000
1872.0000,0.0000E+000
1873.0000,0.0000E+000
1874.0000,0.0000E+000
1875.0000,0.0000E+000
1876.0000,0.0000E+000
1877.0000,0.0000E+000
1878.0000,0.0000E+000
1879.0000,0.0000E+000
1880.0000,0.0000E+000
1881.0000,0.0000E+000
1882.0000,0.0000E+000
1883.0000,0.0000E+000
1884.0000,0.0000E+000
1885.0000,0.0000E+000
1886.0000,0.0000E+000
1887.0000,0.0000E+000
1888.0000,0.0000E+000
1889.0000,0.0000E+000
1890.0000,0.0000E+000
1891.0000,0.0000E+000
1892.0000,0.0000E+000
1893.0000,0.0000E+000
1894.0000,0.0000E+000
1895.0000,0.0000E+000
1896.0000,0.0000E+000
1897.0000,0.0000E+000
1898.0000,-1.3903E+000
1899.0000,0.0000E+000
1900.0000,0.0000E+000
1901.0000,0.0000E+000
1902.0000,0.0000E+000
1903.0000,-1.0915E-001
1904.0000,0.0000E+000
1905.0000,0.0000E+000
1906.0000,-1.8693E+000
1907.0000,0.0000E+000
1908.0000,0.0000E+000
1909.0000,0.0000E+000
1910.0000,0.0000E+000
1911.0000,-8.4766E+000
1912.0000,9.6942E-001
1913.0000,-1.2282E-001
1914.0000,-1.1923E+000
1915.0000,1.2857E+000
1916.0000,1.0075E+001
1917.0000,0.0000E+000
1918.0000,-2.8784E+000
1919.0000,0.0000E+000
1920.0000,0.0000E+000
1921.0000,-1.7750E+000
1922.0000,1.3855E+000
1923.0000,-2.3160E+000
1924.0000,-1.2010E+001
1925.0000,-1.0958E+001
1926.0000,-2.1408E+001
1927.0000,-4.6534E+000
1928.0000,4.2284E+001
1929.0000,4.0325E+001
1930.0000,-3.4836E+001
1931.0000,-3.3422E+001
1932.0000,-3.3800E+001
1933.0000,-1.2175E+001
1934.0000,-1.9483E+001
1935.0000,-3.3967E+000
1936.0000,2.1735E+001
1937.0000,5.2523E+000
1938.0000,-2.9371E+001
1939.0000,-3.2130E+001
1940.0000,7.4762E+000
1941.0000,-1.8873E+001
1942.0000,-5.0158E+001
1943.0000,-3.1133E+001
1944.0000,-1.1521E+001
1945.0000,5.3941E-001
1946.0000,-1.3368E+001
1947.0000,-1.8403E+001
1948.0000,-1.3035E+001
1949.0000,-3.3330E+001
1950.0000,-3.7888E+001
1951.0000,-4.0470E+001
1952.0000,-2.9309E+001
1953.0000,3.2275E+001
1954.0000,5.6851E+001
1955.0000,-3.9255E+001
1956.0000,-4.1734E+001
1957.0000,6.4187E+000
1958.0000,2.2130E+001
1959.0000,-7.3705E+001
1960.0000,-9.6790E+001
1961.0000,-5.3485E+001
1962.0000,-8.3998E+001
1963.0000,-1.0150E+002
1964.0000,-8.5351E+001
1965.0000,-5.5960E+001
1966.0000,-1.4030E+001
1967.0000,-7.3477E+001
1968.0000,-7.1177E+001
1969.0000,-9.6702E+001
1970.0000,-1.2052E+002
1971.0000,-8.1478E+001
1972.0000,-3.4905E+001
1973.0000,-7.4277E+001
1974.0000,-8.7674E+001
1975.0000,-1.1991E+002
1976.0000,-1.1985E+002
1977.0000,-9.9434E+001
1978.0000,-6.4472E+001
1979.0000,-9.0741E+001
1980.0000,-1.1361E+002
1981.0000,-9.3078E+001
1982.0000,-1.0619E+002
1983.0000,-1.5786E+002
1984.0000,-8.7019E+001
1985.0000,-1.5927E+002
1986.0000,-1.6043E+002
1987.0000,-1.0811E+002
1988.0000,-8.0260E+001
1989.0000,-1.8026E+002
1990.0000,-1.0857E+002
1991.0000,-1.2767E+002
1992.0000,-4.9009E+001
1993.0000,-2.5520E+001
1994.0000,-3.8570E+001
1995.0000,-1.3954E+002
1996.0000,-6.4628E+001
1997.0000,-1.1895E+002
1998.0000,-7.1002E+001
1999.0000,-1.3175E+002
2000.0000,-7.8627E+001
2001.0000,-1.1416E+002
2002.0000,-1.6639E+002
2003.0000,-1.9129E+002
2004.0000,-1.0459E+002
2005.0000,-6.8243E+001
2006.0000,-6.6618E+001
2007.0000,-5.9676E+001
2008.0000,-1.6404E+002
2009.0000,-1.3509E+002
2010.0000,-1.8447E+002
2011.0000,-2.0762E+002
2012.0000,-1.2662E+002
2013.0000,-5.4605E+001
2014.0000,-1.2342E+002
2015.0000,-1.5244E+002
2016.0000,-1.3323E+002
2017.0000,-1.9270E+002
2018.0000,-1.2306E+002
2019.0000,-9.1872E+001
2020.0000,-1.3571E+002
2021.0000,-1.9231E+002
2022.0000,-9.6567E+001
2023.0000,-1.2318E+002
2024.0000,-1.9042E+002
2025.0000,-1.4536E+002
2026.0000,-1.8010E+002
2027.0000,-1.5585E+002
2028.0000,-1.4308E+002
2029.0000,-1.5489E+002
2030.0000,-1.3604E+002
2031.0000,-2.5249E+002
2032.0000,-1.2826E+002
2033.0000,-8.4017E+001
2034.0000,-2.0790E+002
2035.0000,-1.4102E+002
2036.0000,-9.9333E+001
2037.0000,-1.4595E+002
2038.0000,-1.1936E+002
2039.0000,-1.8464E+002
2040.0000,-1.7642E+002
2041.0000,-1.1010E+002
2042.0000,-1.3576E+002
2043.0000,-1.5913E+002
2044.0000,-2.1191E+002
2045.0000,-1.8340E+002
2046.0000,-1.5634E+002
2047.0000,-1.7632E+002
2048.0000,-1.3795E+002
2049.0000,-1.7308E+002
2050.0000,-1.8518E+002
2051.0000,-1.6203E+002
2052.0000,-1.9463E+002
2053.0000,-1.3206E+002
2054.0000,-7.0627E+001
2055.0000,-1.5639E+002
2056.0000,-8.0281E+001
2057.0000,-1.0451E+002
2058.0000,-1.4453E+002
2059.0000,-8.8542E+001
2060.0000,-1.1061E+002
2061.0000,-1.0296E+002
2062.0000,-1.3653E+002
2063.0000,-9.5711E+001
2064.0000,-2.3054E+002
2065.0000,-1.8452E+002
2066.0000,-1.6939E+002
2067.0000,-1.0823E+002
2068.0000,-8.9593E+001
2069.0000,-1.8082E+002
2070.0000,-1.3095E+002
2071.0000,-1.2143E+002
2072.0000,-2.0598E+002
2073.0000,-7.0382E+001
2074.0000,-1.4526E+002
2075.0000,-1.3384E+002
2076.0000,-1.8831E+002
2077.0000,-1.6380E+002
2078.0000,-1.1652E+002
2079.0000,-2.7054E+002
2080.0000,-1.7659E+002
2081.0000,-1.4370E+002
2082.0000,-1.4632E+002
2083.0000,-1.2139E+002
2084.0000,-8.2193E+001
2085.0000,-1.1255E+002
2086.0000,-8.6505E+001
2087.0000,-1.1833E+002
2088.0000,-1.2106E+002
2089.0000,-7.3011E+001
2090.0000,-1.3111E+002
2091.0000,-1.0946E+002
2092.0000,-1.0173E+002
2093.0000,-8.1539E+001
2094.0000,-8.5947E+001
2095.0000,-8.8339E+001
2096.0000,-5.8218E+001
2097.0000,-4.6927E+001
2098.0000,-1.1470E+002
2099.0000,-1.1422E+002
2100.0000,-5.1515E+001
2101.0000,-4.0254E+001
2102.0000,-2.6483E+002
2103.0000,-1.2054E+002
2104.0000,-8.0509E+001
2105.0000,-1.1277E+002
2106.0000,-9.7738E+001
2107.0000,-8.8941E+001
2108.0000,-1.0205E+002
2109.0000,-6.1936E+001
2110.0000,-9.3953E+001
2111.0000,-3.3401E+001
2112.0000,6.0143E+000
2113.0000,-7.7448E+001
2114.0000,-2.5910E+001
2115.0000,-4.9786E+001
2116.0000,-8.4447E+001
2117.0000,-5.7594E+001
2118.0000,-5.6676E+001
2119.0000,-5.0354E+001
2120.0000,-7.1604E+001
2121.0000,-7.2197E+001
2122.0000,-1.7043E+001
2123.0000,-2.2359E+001
2124.0000,-8.4722E+001
2125.0000,-8.4325E+001
2126.0000,-8.2417E+000
2127.0000,-1.2549E+002
2128.0000,-4.9626E+001
2129.0000,-1.1383E+002
2130.0000,-9.6698E+001
2131.0000,-7.3658E+001
2132.0000,-7.2999E+001
2133.0000,-8.3937E+000
2134.0000,-6.9980E+001
2135.0000,-3.3855E+001
2136.0000,-5.4597E+001
2137.0000,-9.3657E+001
2138.0000,-6.1514E+001
2139.0000,-4.6130E+001
2140.0000,-1.8523E+001
2141.0000,-1.2023E+002
2142.0000,-8.0117E+001
2143.0000,-6.9814E+001
2144.0000,-6.0396E+001
2145.0000,-3.5054E+001
2146.0000,-5.2531E+001
2147.0000,-1.1864E+002
2148.0000,-6.7755E+001
2149.0000,-8.8712E+001
2150.0000,-6.3370E+001
2151.0000,-7.8122E+001
2152.0000,-8.5909E+000
2153.0000,4.4692E+000
2154.0000,-9.1799E+001
2155.0000,-5.0414E+001
2156.0000,-5.8220E+001
2157.0000,-5.4405E+001
2158.0000,-3.4474E+001
2159.0000,-2.0176E+001
2160.0000,-9.1885E+001
2161.0000,-5.1014E+001
2162.0000,-4.3565E+001
2163.0000,-3.8642E+001
2164.0000,-3.9005E+001
2165.0000,-1.9655E+001
2166.0000,-2.9133E+001
2167.0000,-3.2109E+001
2168.0000,-3.4794E+001
2169.0000,-2.3530E+001
2170.0000,-1.9766E+001
2171.0000,-2.4124E+001
2172.0000,-1.6244E+001
2173.0000,-3.9173E+000
2174.0000,1.0591E+001
2175.0000,8.0488E+000
2176.0000,-5.9432E+001
2177.0000,-3.5778E+001
2178.0000,-2.3051E+001
2179.0000,-1.9294E+001
2180.0000,-1.5935E+001
2181.0000,-2.3565E+001
2182.0000,-1.7331E+000
2183.0000,-2.3005E+000
2184.0000,-1.5097E+001
2185.0000,-1.2696E+001
2186.0000,-1.8090E+000
2187.0000,-3.2928E+001
2188.0000,-2.9459E+001
2189.0000,-5.3047E+001
2190.0000,-6.8840E+001
2191.0000,-5.7456E+001
2192.0000,0.0000E+000
2193.0000,0.0000E+000
2194.0000,0.0000E+000
2195.0000,0.0000E+000
2196.0000,0.0000E+000
2197.0000,0.0000E+000
2198.0000,0.0000E+000
2199.0000,0.0000E+000
2200.0000,0.0000E+000
2201.0000,0.0000E+000
2202.0000,0.0000E+000
2203.0000,0.0000E+000
2204.0000,0.0000E+000
2205.0000,0.0000E+000
2206.0000,0.0000E+000
2207.0000,0.0000E+000
2208.0000,0.0000E+000
2209.0000,0.0000E+000
2210.0000,0.0000E+000
2211.0000,0.0000E+000
2212.0000,0.0000E+000
2213.0000,0.0000E+000
2214.0000,0.0000E+000
2215.0000,0.0000E+000
2216.0000,0.0000E+000
2217.0000,0.0000E+000
2218.0000,0.0000E+000
2219.0000,0.0000E+000
2220.0000,0.0000E+000
2221.0000,0.0000E+000
2222.0000,0.0000E+000
2223.0000,0.0000E+000
2224.0000,0.0000E+000
2225.0000,0.0000E+000
2226.0000,0.0000E+000
2227.0000,0.0000E+000
2228.0000,0.0000E+000
2229.0000,0.0000E+000
2230.0000,0.0000E+000
2231.0000,0.0000E+000
2232.0000,0.0000E+000
2233.0000,0.0000E+000
2234.0000,0.0000E+000
2235.0000,0.0000E+000
2236.0000,0.0000E+000
2237.0000,0.0000E+000
2238.0000,0.0000E+000
2239.0000,0.0000E+000
2240.0000,0.0000E+000
2241.0000,0.0000E+000
2242.0000,0.0000E+000
2243.0000,0.0000E+000
2244.0000,0.0000E+000
2245.0000,0.0000E+000
2246.0000,0.0000E+000
2247.0000,0.0000E+000
2248.0000,0.0000E+000
2249.0000,0.0000E+000
2250.0000,0.0000E+000
2251.0000,0.0000E+000
2252.0000,0.0000E+000
2253.0000,0.0000E+000
2254.0000,0.0000E+000
2255.0000,0.0000E+000
2256.0000,0.0000E+000
2257.0000,0.0000E+000
2258.0000,0.0000E+000
2259.0000,0.0000E+000
2260.0000,-2.7963E-001
2261.0000,0.0000E+000
2262.0000,-4.3650E-001
2263.0000,3.5840E+000
2264.0000,2.7266E-001
2265.0000,2.4513E+000
2266.0000,5.2741E+000
2267.0000,0.0000E+000
2268.0000,-1.5508E+000
2269.0000,-7.1410E-001
2270.0000,6.1151E+000
2271.0000,-1.8212E+001
2272.0000,-2.2132E+001
2273.0000,-2.7463E+001
2274.0000,-1.3830E+001
2275.0000,-1.8678E+001
2276.0000,-2.7560E+001
2277.0000,-2.2629E+001
2278.0000,-4.0022E+001
2279.0000,-1.5857E+001
2280.0000,5.3677E+000
2281.0000,-7.1492E+000
2282.0000,2.0704E+001
2283.0000,-1.2488E+001
2284.0000,-3.3462E+001
2285.0000,-1.7242E+001
2286.0000,-8.1915E+000
2287.0000,-4.0507E+000
2288.0000,-8.2092E+000
2289.0000,-2.7628E+000
2290.0000,1.8959E+001
2291.0000,-1.8266E+001
2292.0000,-1.6857E+001
2293.0000,9.5001E+000
2294.0000,-2.7804E+001
2295.0000,-1.9181E+001
2296.0000,-2.4706E+001
2297.0000,-8.6244E+000
2298.0000,-1.1900E+001
2299.0000,-2.8771E+001
2300.0000,-9.0199E+000
2301.0000,-6.2697E+001
2302.0000,-6.6425E+001
2303.0000,-6.2317E+001
2304.0000,-3.5925E+001
2305.0000,-3.7161E+001
2306.0000,-4.9696E+001
2307.0000,-3.8207E+001
2308.0000,-2.3605E+001
2309.0000,-2.8203E+001
2310.0000,-4.5024E+001
2311.0000,-2.3252E+001
2312.0000,-4.0095E+001
2313.0000,-3.5024E+001
2314.0000,9.9381E+000
2315.0000,-1.3750E+001
2316.0000,-2.6415E+001
2317.0000,3.1351E+000
2318.0000,-3.2784E+000
2319.0000,-3.2867E+001
2320.0000,-7.0630E+001
2321.0000,-7.0209E+001
2322.0000,-1.4214E+002
2323.0000,-8.2470E+001
2324.0000,-9.9201E+001
2325.0000,-4.1893E+001
2326.0000,-5.2423E+000
2327.0000,-7.9429E+000
2328.0000,-4.4536E+001
2329.0000,-1.7336E+002
2330.0000,-9.7957E+001
2331.0000,-1.1388E+002
2332.0000,-9.1034E+001
2333.0000,-1.4404E+002
2334.0000,-6.7661E+001
2335.0000,-1.6424E+001
2336.0000,-3.0099E+001
2337.0000,-5.6328E+001
2338.0000,-7.5513E+001
2339.0000,-7.7912E+001
2340.0000,-3.6970E+001
2341.0000,-1.6672E+002
2342.0000,-1.5015E+002
2343.0000,-1.3994E+002
2344.0000,-1.1748E+002
2345.0000,-7.2756E+001
2346.0000,-5.6732E+001
2347.0000,-1.3318E+002
2348.0000,-1.3084E+002
2349.0000,-5.7490E+001
2350.0000,-9.0524E+001
2351.0000,-1.1315E+002
2352.0000,-1.3693E+002
2353.0000,-1.8049E+002
2354.0000,-8.9586E+001
2355.0000,-3.3136E+001
2356.0000,-9.3717E+001
2357.0000,-1.2651E+002
2358.0000,-1.6266E+002
2359.0000,-1.1041E+002
2360.0000,-1.2665E+002
2361.0000,-1.8442E+002
2362.0000,-6.4893E+001
2363.0000,-1.1550E+002
2364.0000,-1.1290E+002
2365.0000,-1.4128E+002
2366.0000,-1.1546E+002
2367.0000,-1.1903E+002
2368.0000,-1.3607E+002
2369.0000,-1.8426E+002
2370.0000,-9.6925E+001
2371.0000,-1.1600E+002
2372.0000,-1.3639E+002
2373.0000,-1.8696E+002
2374.0000,-1.5325E+002
2375.0000,-1.5584E+002
2376.0000,-1.5355E+002
2377.0000,-1.3213E+002
2378.0000,-1.7089E+002
2379.0000,-1.4149E+002
2380.0000,-1.3262E+002
2381.0000,-1.7394E+002
2382.0000,-1.4042E+002
2383.0000,-9.1411E+001
2384.0000,-9.0128E+001
2385.0000,-1.3972E+002
2386.0000,-1.4989E+002
2387.0000,-1.9624E+002
2388.0000,-7.2074E+001
2389.0000,-8.0016E+001
2390.0000,-6.8783E+001
2391.0000,-1.4500E+002
2392.0000,-1.6338E+002
2393.0000,-1.4659E+002
2394.0000,-1.4836E+002
2395.0000,-1.7824E+002
2396.0000,-9.1172E+001
2397.0000,-1.1831E+002
2398.0000,-1.4276E+002
2399.0000,-1.3551E+002
2400.0000,-6.5828E+001
2401.0000,-1.9396E+002
2402.0000,-1.7153E+002
2403.0000,-1.7896E+002
2404.0000,-1.3787E+002
2405.0000,-1.2044E+002
2406.0000,-1.4749E+002
2407.0000,-1.8403E+002
2408.0000,-1.6373E+002
2409.0000,-1.5595E+002
2410.0000,-4.2985E+001
2411.0000,-7.2295E+001
2412.0000,-7.6176E+001
2413.0000,-1.3378E+002
2414.0000,-1.6480E+002
2415.0000,-1.6504E+002
2416.0000,-8.5393E+001
2417.0000,-6.2402E+001
2418.0000,-1.2497E+002
2419.0000,-1.0997E+002
2420.0000,-7.2617E+001
2421.0000,-8.1554E+001
2422.0000,-1.6135E+002
2423.0000,-1.1730E+002
2424.0000,-1.1783E+002
2425.0000,-9.7253E+001
2426.0000,-1.6312E+002
2427.0000,-1.2400E+002
2428.0000,-9.0677E+001
2429.0000,-1.1443E+002
2430.0000,-1.1744E+002
2431.0000,-7.6694E+001
2432.0000,-5.1336E+001
2433.0000,-1.1800E+002
2434.0000,-6.0598E+001
2435.0000,-7.2623E+001
2436.0000,-8.2072E+001
2437.0000,-1.0335E+002
2438.0000,-1.0591E+002
2439.0000,-9.8245E+001
2440.0000,-8.3624E+001
2441.0000,-4.1422E+001
2442.0000,-1.4779E+002
2443.0000,-2.0259E+002
2444.0000,-1.6004E+002
2445.0000,-1.5797E+002
2446.0000,-1.4043E+002
2447.0000,-1.6791E+002
2448.0000,-1.0145E+002
2449.0000,-1.4624E+002
2450.0000,-8.1383E+001
2451.0000,-4.0078E-001
2452.0000,-1.8503E+002
2453.0000,-1.0225E+002
2454.0000,-1.2364E+002
2455.0000,-1.1752E+002
2456.0000,-7.4074E+001
2457.0000,-8.8474E+001
2458.0000,-7.1012E+001
2459.0000,-6.9369E+001
2460.0000,-1.0395E+002
2461.0000,-3.9324E+001
2462.0000,-4.6128E+001
2463.0000,-1.4153E+002
2464.0000,-1.1623E+002
2465.0000,-1.3677E+002
2466.0000,-1.2994E+002
2467.0000,-1.0703E+002
2468.0000,-5.1735E+001
2469.0000,-2.6181E+001
2470.0000,-4.9186E+001
2471.0000,-8.7426E+001
2472.0000,-7.7515E+001
2473.0000,-6.4345E+001
2474.0000,-1.2652E+002
2475.0000,-7.0662E+001
2476.0000,-1.7865E+002
2477.0000,-1.0434E+002
2478.0000,-1.0914E+002
2479.0000,-1.1149E+002
2480.0000,-1.1764E+002
2481.0000,-9.6163E+001
2482.0000,-1.1957E+002
2483.0000,-7.4454E+001
2484.0000,-2.0914E+001
2485.0000,-4.7500E+001
2486.0000,-7.1450E+001
2487.0000,-1.7687E+001
2488.0000,-6.9401E+001
2489.0000,-7.2034E+001
2490.0000,-4.8340E+001
2491.0000,-7.3700E+001
2492.0000,-1.7279E+002
2493.0000,-5.4579E+001
2494.0000,-5.6815E+001
2495.0000,-6.2727E+001
2496.0000,-3.1921E+001
2497.0000,-2.8365E+001
2498.0000,-2.3366E+001
2499.0000,-5.7638E+000
2500.0000,2.2583E+001
2501.0000,-6.3876E+001
2502.0000,-7.4269E+001
2503.0000,-7.6456E+001
2504.0000,-6.1312E+001
2505.0000,-4.4188E+001
2506.0000,-3.8696E+001
2507.0000,-1.5894E+002
2508.0000,-7.4472E+001
2509.0000,-5.4288E+001
2510.0000,-5.3182E+001
2511.0000,-3.7954E+001
2512.0000,4.2935E+001
2513.0000,-5.9315E+001
2514.0000,-1.3585E+002
2515.0000,-6.2095E+001
2516.0000,-7.0405E+001
2517.0000,-6.2978E+001
2518.0000,-5.9470E+001
2519.0000,-5.3610E+001
2520.0000,-4.1760E+001
2521.0000,-2.5998E+001
2522.0000,-6.2653E+001
2523.0000,-5.1116E+001
2524.0000,-3.3651E+001
2525.0000,-3.6890E+001
2526.0000,-3.2818E+001
2527.0000,-3.9917E+001
2528.0000,-4.1709E+001
2529.0000,-3.7218E+001
2530.0000,-4.0407E+001
2531.0000,-2.2544E+001
2532.0000,-3.8710E+001
2533.0000,-1.3045E+001
2534.0000,-2.9427E+001
2535.0000,-4.5769E+001
2536.0000,-2.4421E+001
2537.0000,-2.5802E+000
2538.0000,4.5530E+001
2539.0000,-3.6096E+001
2540.0000,-3.9856E+001
2541.0000,-7.0767E+001
2542.0000,-9.0520E+001
2543.0000,-1.0725E+002
2544.0000,-7.6385E+001
2545.0000,-2.0748E+001
2546.0000,-6.7180E+000
2547.0000,-2.7615E+001
2548.0000,-2.4812E+001
2549.0000,-2.4228E+001
2550.0000,-3.8955E+001
2551.0000,-2.8269E+001
2552.0000,-5.3653E+001
2553.0000,-6.5710E+001
2554.0000,-2.9158E+001
