"",25.000
0.0000,0.0000E+000
1.0000,0.0000E+000
2.0000,0.0000E+000
3.0000,0.0000E+000
4.0000,0.0000E+000
5.0000,0.0000E+000
6.0000,0.0000E+000
7.0000,0.0000E+000
8.0000,0.0000E+000
9.0000,0.0000E+000
10.0000,0.0000E+000
11.0000,0.0000E+000
12.0000,0.0000E+000
13.0000,0.0000E+000
14.0000,0.0000E+000
15.0000,0.0000E+000
16.0000,0.0000E+000
17.0000,0.0000E+000
18.0000,0.0000E+000
19.0000,0.0000E+000
20.0000,0.0000E+000
21.0000,0.0000E+000
22.0000,0.0000E+000
23.0000,0.0000E+000
24.0000,0.0000E+000
25.0000,0.0000E+000
26.0000,0.0000E+000
27.0000,0.0000E+000
28.0000,0.0000E+000
29.0000,0.0000E+000
30.0000,0.0000E+000
31.0000,0.0000E+000
32.0000,0.0000E+000
33.0000,0.0000E+000
34.0000,0.0000E+000
35.0000,0.0000E+000
36.0000,0.0000E+000
37.0000,-2.5252E+002
38.0000,0.0000E+000
39.0000,0.0000E+000
40.0000,-3.0932E+002
41.0000,-3.0932E+002
42.0000,-3.0932E+002
43.0000,0.0000E+000
44.0000,0.0000E+000
45.0000,0.0000E+000
46.0000,0.0000E+000
47.0000,0.0000E+000
48.0000,0.0000E+000
49.0000,0.0000E+000
50.0000,0.0000E+000
51.0000,0.0000E+000
52.0000,0.0000E+000
53.0000,0.0000E+000
54.0000,0.0000E+000
55.0000,0.0000E+000
56.0000,0.0000E+000
57.0000,0.0000E+000
58.0000,0.0000E+000
59.0000,0.0000E+000
60.0000,0.0000E+000
61.0000,0.0000E+000
62.0000,0.0000E+000
63.0000,0.0000E+000
64.0000,-3.0932E+002
65.0000,-3.0932E+002
66.0000,-3.0932E+002
67.0000,0.0000E+000
68.0000,-3.0932E+002
69.0000,0.0000E+000
70.0000,0.0000E+000
71.0000,0.0000E+000
72.0000,0.0000E+000
73.0000,0.0000E+000
74.0000,-3.0932E+002
75.0000,-3.0932E+002
76.0000,-3.0932E+002
77.0000,-3.0932E+002
78.0000,-3.0881E+002
79.0000,-3.1222E+002
80.0000,-3.1650E+002
81.0000,-3.1459E+002
82.0000,-3.1530E+002
83.0000,-3.1656E+002
84.0000,-3.1723E+002
85.0000,-3.1889E+002
86.0000,-3.1871E+002
87.0000,-3.1922E+002
88.0000,-3.1960E+002
89.0000,-3.2027E+002
90.0000,-3.2107E+002
91.0000,-3.2122E+002
92.0000,-3.2259E+002
93.0000,-3.2312E+002
94.0000,-3.2460E+002
95.0000,-3.2436E+002
96.0000,-3.2429E+002
97.0000,-3.2455E+002
98.0000,-3.2549E+002
99.0000,-3.2728E+002
100.0000,-3.2744E+002
101.0000,-3.2943E+002
102.0000,-3.3018E+002
103.0000,-3.2974E+002
104.0000,-3.2994E+002
105.0000,-3.3218E+002
106.0000,-3.3637E+002
107.0000,-3.4024E+002
108.0000,-3.4537E+002
109.0000,-3.4742E+002
110.0000,-3.3933E+002
111.0000,-3.3619E+002
112.0000,-3.3779E+002
113.0000,-3.3961E+002
114.0000,-3.4357E+002
115.0000,-3.4749E+002
116.0000,-3.4981E+002
117.0000,-3.5211E+002
118.0000,-3.5363E+002
119.0000,-3.5731E+002
120.0000,-3.6151E+002
121.0000,-3.6085E+002
122.0000,-3.6187E+002
123.0000,-3.6611E+002
124.0000,-3.7484E+002
125.0000,-3.7453E+002
126.0000,-3.7615E+002
127.0000,-3.7841E+002
128.0000,-3.8609E+002
129.0000,-3.8042E+002
130.0000,-3.8104E+002
131.0000,-3.8473E+002
132.0000,-3.7990E+002
133.0000,-3.8081E+002
134.0000,-3.8013E+002
135.0000,-3.8096E+002
136.0000,-3.7521E+002
137.0000,-3.8107E+002
138.0000,-3.7544E+002
139.0000,-3.8001E+002
140.0000,-3.8148E+002
141.0000,-3.9054E+002
142.0000,-3.9273E+002
143.0000,-4.0555E+002
144.0000,-4.0417E+002
145.0000,-4.0030E+002
146.0000,-3.9389E+002
147.0000,-3.9207E+002
148.0000,-3.9190E+002
149.0000,-3.9315E+002
150.0000,-3.9387E+002
151.0000,-3.9791E+002
152.0000,-4.0399E+002
153.0000,-4.0021E+002
154.0000,-4.0411E+002
155.0000,-4.1037E+002
156.0000,-4.0640E+002
157.0000,-4.0139E+002
158.0000,-4.0575E+002
159.0000,-4.0963E+002
160.0000,-4.1486E+002
161.0000,-4.1264E+002
162.0000,-4.1073E+002
163.0000,-4.2871E+002
164.0000,-4.1995E+002
165.0000,-4.3831E+002
166.0000,-4.2898E+002
167.0000,-4.1708E+002
168.0000,-4.2531E+002
169.0000,-4.2756E+002
170.0000,-4.2668E+002
171.0000,-4.3323E+002
172.0000,-4.3764E+002
173.0000,-4.4574E+002
174.0000,-4.5975E+002
175.0000,-4.6927E+002
176.0000,-4.6061E+002
177.0000,-4.6104E+002
178.0000,-4.4905E+002
179.0000,-4.2836E+002
180.0000,-4.1957E+002
181.0000,-4.1633E+002
182.0000,-4.1264E+002
183.0000,-4.1631E+002
184.0000,-4.2414E+002
185.0000,-4.2168E+002
186.0000,-4.3216E+002
187.0000,-4.2642E+002
188.0000,-4.4364E+002
189.0000,-4.2552E+002
190.0000,-4.2788E+002
191.0000,-4.3257E+002
192.0000,-4.3210E+002
193.0000,-4.3266E+002
194.0000,-4.3422E+002
195.0000,-4.2667E+002
196.0000,-4.2724E+002
197.0000,-4.2604E+002
198.0000,-4.1967E+002
199.0000,-4.2253E+002
200.0000,-4.2950E+002
201.0000,-4.2973E+002
202.0000,-4.2803E+002
203.0000,-4.3742E+002
204.0000,-4.3643E+002
205.0000,-4.2848E+002
206.0000,-4.2898E+002
207.0000,-4.3008E+002
208.0000,-4.3147E+002
209.0000,-4.3300E+002
210.0000,-4.3373E+002
211.0000,-4.2957E+002
212.0000,-4.3144E+002
213.0000,-4.2684E+002
214.0000,-4.2551E+002
215.0000,-4.2597E+002
216.0000,-4.2887E+002
217.0000,-4.2927E+002
218.0000,-4.3064E+002
219.0000,-4.2395E+002
220.0000,-4.2829E+002
221.0000,-4.3304E+002
222.0000,-4.4102E+002
223.0000,-4.4144E+002
224.0000,-4.4973E+002
225.0000,-4.3929E+002
226.0000,-4.3937E+002
227.0000,-4.3912E+002
228.0000,-4.2943E+002
229.0000,-4.3632E+002
230.0000,-4.3208E+002
231.0000,-4.3010E+002
232.0000,-4.2702E+002
233.0000,-4.2255E+002
234.0000,-4.2071E+002
235.0000,-4.2578E+002
236.0000,-4.2099E+002
237.0000,-4.2636E+002
238.0000,-4.2443E+002
239.0000,-4.2159E+002
240.0000,-4.2332E+002
241.0000,-4.1642E+002
242.0000,-4.1503E+002
243.0000,-4.1572E+002
244.0000,-4.1613E+002
245.0000,-4.1413E+002
246.0000,-4.2038E+002
247.0000,-4.2386E+002
248.0000,-4.2076E+002
249.0000,-4.2231E+002
250.0000,-4.2701E+002
251.0000,-4.2563E+002
252.0000,-4.2855E+002
253.0000,-4.2921E+002
254.0000,-4.2809E+002
255.0000,-4.3609E+002
256.0000,-4.3717E+002
257.0000,-4.2910E+002
258.0000,-4.2811E+002
259.0000,-4.2398E+002
260.0000,-4.2512E+002
261.0000,-4.2506E+002
262.0000,-4.2035E+002
263.0000,-4.1665E+002
264.0000,-4.1830E+002
265.0000,-4.1720E+002
266.0000,-4.2138E+002
267.0000,-4.2246E+002
268.0000,-4.1548E+002
269.0000,-4.1280E+002
270.0000,-4.1114E+002
271.0000,-4.0009E+002
272.0000,-3.9614E+002
273.0000,-3.9015E+002
274.0000,-3.8958E+002
275.0000,-3.8833E+002
276.0000,-3.8437E+002
277.0000,-3.7796E+002
278.0000,-3.9159E+002
279.0000,-3.8338E+002
280.0000,-3.8183E+002
281.0000,-3.7998E+002
282.0000,-3.6808E+002
283.0000,-3.6067E+002
284.0000,-3.6404E+002
285.0000,-3.6724E+002
286.0000,-3.6779E+002
287.0000,-3.6677E+002
288.0000,-3.6010E+002
289.0000,-3.5927E+002
290.0000,-3.6432E+002
291.0000,-3.6538E+002
292.0000,-3.6736E+002
293.0000,-3.6856E+002
294.0000,-3.6968E+002
295.0000,-3.6713E+002
296.0000,-3.6581E+002
297.0000,-3.6505E+002
298.0000,-3.6608E+002
299.0000,-3.6517E+002
300.0000,-3.6467E+002
301.0000,-3.6610E+002
302.0000,-3.6590E+002
303.0000,-3.6596E+002
304.0000,-3.6431E+002
305.0000,-3.6138E+002
306.0000,-3.6117E+002
307.0000,-3.5771E+002
308.0000,-3.5930E+002
309.0000,-3.5629E+002
310.0000,-3.5616E+002
311.0000,-3.5878E+002
312.0000,-3.5941E+002
313.0000,-3.5967E+002
314.0000,-3.5684E+002
315.0000,-3.5521E+002
316.0000,-3.5137E+002
317.0000,-3.5463E+002
318.0000,-3.5618E+002
319.0000,-3.5375E+002
320.0000,-3.5213E+002
321.0000,-3.5262E+002
322.0000,-3.5222E+002
323.0000,-3.5198E+002
324.0000,-3.5237E+002
325.0000,-3.5371E+002
326.0000,-3.5263E+002
327.0000,-3.5195E+002
328.0000,-3.5219E+002
329.0000,-3.5169E+002
330.0000,-3.4999E+002
331.0000,-3.4726E+002
332.0000,-3.4518E+002
333.0000,-3.4313E+002
334.0000,-3.4372E+002
335.0000,-3.4429E+002
336.0000,-3.4372E+002
337.0000,-3.4338E+002
338.0000,-3.3766E+002
339.0000,-3.3413E+002
340.0000,-3.3555E+002
341.0000,-3.3203E+002
342.0000,-3.3455E+002
343.0000,-3.3369E+002
344.0000,-3.3157E+002
345.0000,-3.2865E+002
346.0000,-3.2904E+002
347.0000,-3.2914E+002
348.0000,-3.2833E+002
349.0000,-3.2549E+002
350.0000,-3.2385E+002
351.0000,-3.2327E+002
352.0000,-3.2298E+002
353.0000,-3.2263E+002
354.0000,-3.2192E+002
355.0000,-3.2131E+002
356.0000,-3.2140E+002
357.0000,-3.2112E+002
358.0000,-3.2079E+002
359.0000,-3.2027E+002
360.0000,-3.1880E+002
361.0000,-3.1761E+002
362.0000,-3.1673E+002
363.0000,-3.1281E+002
364.0000,-3.1297E+002
365.0000,-3.1252E+002
366.0000,-3.1001E+002
367.0000,0.0000E+000
368.0000,0.0000E+000
369.0000,0.0000E+000
370.0000,0.0000E+000
371.0000,0.0000E+000
372.0000,0.0000E+000
373.0000,0.0000E+000
374.0000,0.0000E+000
375.0000,0.0000E+000
376.0000,0.0000E+000
377.0000,0.0000E+000
378.0000,0.0000E+000
379.0000,0.0000E+000
380.0000,0.0000E+000
381.0000,0.0000E+000
382.0000,0.0000E+000
383.0000,0.0000E+000
384.0000,0.0000E+000
385.0000,0.0000E+000
386.0000,0.0000E+000
387.0000,0.0000E+000
388.0000,-2.5252E+002
389.0000,0.0000E+000
390.0000,0.0000E+000
391.0000,0.0000E+000
392.0000,0.0000E+000
393.0000,0.0000E+000
394.0000,0.0000E+000
395.0000,0.0000E+000
396.0000,0.0000E+000
397.0000,0.0000E+000
398.0000,0.0000E+000
399.0000,0.0000E+000
400.0000,0.0000E+000
401.0000,0.0000E+000
402.0000,0.0000E+000
403.0000,0.0000E+000
404.0000,0.0000E+000
405.0000,0.0000E+000
406.0000,0.0000E+000
407.0000,0.0000E+000
408.0000,0.0000E+000
409.0000,0.0000E+000
410.0000,0.0000E+000
411.0000,0.0000E+000
412.0000,0.0000E+000
413.0000,0.0000E+000
414.0000,0.0000E+000
415.0000,0.0000E+000
416.0000,0.0000E+000
417.0000,0.0000E+000
418.0000,0.0000E+000
419.0000,0.0000E+000
420.0000,0.0000E+000
421.0000,0.0000E+000
422.0000,0.0000E+000
423.0000,0.0000E+000
424.0000,0.0000E+000
425.0000,0.0000E+000
426.0000,0.0000E+000
427.0000,0.0000E+000
428.0000,0.0000E+000
429.0000,0.0000E+000
430.0000,0.0000E+000
431.0000,0.0000E+000
432.0000,0.0000E+000
433.0000,-3.0932E+002
434.0000,-3.0932E+002
435.0000,-3.0932E+002
436.0000,-3.0932E+002
437.0000,-3.0932E+002
438.0000,-3.0932E+002
439.0000,-3.0932E+002
440.0000,-3.0932E+002
441.0000,-3.0932E+002
442.0000,-3.1396E+002
443.0000,-3.1359E+002
444.0000,-3.1387E+002
445.0000,-3.1457E+002
446.0000,-3.1539E+002
447.0000,-3.1599E+002
448.0000,-3.2032E+002
449.0000,-3.1800E+002
450.0000,-3.1856E+002
451.0000,-3.1916E+002
452.0000,-3.2082E+002
453.0000,-3.2244E+002
454.0000,-3.2338E+002
455.0000,-3.2596E+002
456.0000,-3.2871E+002
457.0000,-3.3174E+002
458.0000,-3.3282E+002
459.0000,-3.3459E+002
460.0000,-3.3785E+002
461.0000,-3.4168E+002
462.0000,-3.4027E+002
463.0000,-3.3851E+002
464.0000,-3.4201E+002
465.0000,-3.4270E+002
466.0000,-3.4910E+002
467.0000,-3.4877E+002
468.0000,-3.4913E+002
469.0000,-3.5257E+002
470.0000,-3.5559E+002
471.0000,-3.5412E+002
472.0000,-3.5383E+002
473.0000,-3.6000E+002
474.0000,-3.6580E+002
475.0000,-3.7174E+002
476.0000,-3.7562E+002
477.0000,-3.7778E+002
478.0000,-3.6978E+002
479.0000,-3.6722E+002
480.0000,-3.6260E+002
481.0000,-3.6431E+002
482.0000,-3.6602E+002
483.0000,-3.6820E+002
484.0000,-3.6538E+002
485.0000,-3.6808E+002
486.0000,-3.6954E+002
487.0000,-3.7286E+002
488.0000,-3.7464E+002
489.0000,-3.7592E+002
490.0000,-3.7567E+002
491.0000,-3.7959E+002
492.0000,-3.7521E+002
493.0000,-3.7226E+002
494.0000,-3.7631E+002
495.0000,-3.7449E+002
496.0000,-3.7213E+002
497.0000,-3.7287E+002
498.0000,-3.7555E+002
499.0000,-3.7567E+002
500.0000,-3.9261E+002
501.0000,-3.8033E+002
502.0000,-3.8032E+002
503.0000,-3.8460E+002
504.0000,-3.9493E+002
505.0000,-3.9387E+002
506.0000,-3.9584E+002
507.0000,-3.9971E+002
508.0000,-4.0695E+002
509.0000,-4.2330E+002
510.0000,-4.3238E+002
511.0000,-4.3331E+002
512.0000,-4.2954E+002
513.0000,-4.3181E+002
514.0000,-4.3939E+002
515.0000,-4.4058E+002
516.0000,-4.4291E+002
517.0000,-4.4046E+002
518.0000,-4.4364E+002
519.0000,-4.4342E+002
520.0000,-4.3375E+002
521.0000,-4.3409E+002
522.0000,-4.2754E+002
523.0000,-4.3761E+002
524.0000,-4.1922E+002
525.0000,-4.1781E+002
526.0000,-4.3356E+002
527.0000,-4.2628E+002
528.0000,-4.4583E+002
529.0000,-4.5400E+002
530.0000,-4.4386E+002
531.0000,-4.4068E+002
532.0000,-4.5352E+002
533.0000,-4.4056E+002
534.0000,-4.3778E+002
535.0000,-4.3682E+002
536.0000,-4.5140E+002
537.0000,-4.4657E+002
538.0000,-4.5661E+002
539.0000,-4.5346E+002
540.0000,-4.5129E+002
541.0000,-4.4757E+002
542.0000,-4.7455E+002
543.0000,-4.5725E+002
544.0000,-4.4701E+002
545.0000,-4.4337E+002
546.0000,-4.4900E+002
547.0000,-4.4741E+002
548.0000,-4.3803E+002
549.0000,-4.3856E+002
550.0000,-4.3965E+002
551.0000,-4.4169E+002
552.0000,-4.5508E+002
553.0000,-4.5595E+002
554.0000,-4.6066E+002
555.0000,-4.5994E+002
556.0000,-4.5896E+002
557.0000,-4.5278E+002
558.0000,-4.5986E+002
559.0000,-4.5571E+002
560.0000,-4.5379E+002
561.0000,-4.5496E+002
562.0000,-4.5312E+002
563.0000,-4.5794E+002
564.0000,-4.5752E+002
565.0000,-4.6301E+002
566.0000,-4.6863E+002
567.0000,-4.6233E+002
568.0000,-4.5741E+002
569.0000,-4.6130E+002
570.0000,-4.6333E+002
571.0000,-4.6772E+002
572.0000,-4.6823E+002
573.0000,-4.6133E+002
574.0000,-4.6089E+002
575.0000,-4.6396E+002
576.0000,-4.5331E+002
577.0000,-4.6613E+002
578.0000,-4.5812E+002
579.0000,-4.5541E+002
580.0000,-4.7646E+002
581.0000,-4.6508E+002
582.0000,-4.5154E+002
583.0000,-4.4775E+002
584.0000,-4.4597E+002
585.0000,-4.4552E+002
586.0000,-4.6226E+002
587.0000,-4.6379E+002
588.0000,-4.7211E+002
589.0000,-4.7477E+002
590.0000,-4.5867E+002
591.0000,-4.6421E+002
592.0000,-4.4936E+002
593.0000,-4.3923E+002
594.0000,-4.3997E+002
595.0000,-4.3203E+002
596.0000,-4.3578E+002
597.0000,-4.3425E+002
598.0000,-4.4363E+002
599.0000,-4.5043E+002
600.0000,-4.4565E+002
601.0000,-4.3626E+002
602.0000,-4.2974E+002
603.0000,-4.2840E+002
604.0000,-4.2722E+002
605.0000,-4.2572E+002
606.0000,-4.2960E+002
607.0000,-4.2971E+002
608.0000,-4.3183E+002
609.0000,-4.3593E+002
610.0000,-4.3475E+002
611.0000,-4.2083E+002
612.0000,-4.1359E+002
613.0000,-4.1242E+002
614.0000,-4.1170E+002
615.0000,-4.0355E+002
616.0000,-4.0346E+002
617.0000,-4.0395E+002
618.0000,-4.0514E+002
619.0000,-4.0305E+002
620.0000,-4.0502E+002
621.0000,-4.0214E+002
622.0000,-4.0433E+002
623.0000,-4.0247E+002
624.0000,-4.0072E+002
625.0000,-4.0126E+002
626.0000,-4.0116E+002
627.0000,-3.9906E+002
628.0000,-4.0129E+002
629.0000,-4.0216E+002
630.0000,-4.0608E+002
631.0000,-4.0284E+002
632.0000,-4.0057E+002
633.0000,-3.9933E+002
634.0000,-3.9741E+002
635.0000,-3.9601E+002
636.0000,-4.0205E+002
637.0000,-3.9840E+002
638.0000,-3.9696E+002
639.0000,-3.9621E+002
640.0000,-3.9333E+002
641.0000,-3.8655E+002
642.0000,-3.9207E+002
643.0000,-3.9061E+002
644.0000,-3.9021E+002
645.0000,-3.8937E+002
646.0000,-3.9032E+002
647.0000,-3.9951E+002
648.0000,-3.9439E+002
649.0000,-3.9786E+002
650.0000,-3.9589E+002
651.0000,-3.9038E+002
652.0000,-3.8439E+002
653.0000,-3.8015E+002
654.0000,-3.8441E+002
655.0000,-3.8229E+002
656.0000,-3.7662E+002
657.0000,-3.7518E+002
658.0000,-3.6651E+002
659.0000,-3.7203E+002
660.0000,-3.7582E+002
661.0000,-3.8802E+002
662.0000,-3.8272E+002
663.0000,-3.8309E+002
664.0000,-3.8075E+002
665.0000,-3.7764E+002
666.0000,-3.7445E+002
667.0000,-3.5962E+002
668.0000,-3.6807E+002
669.0000,-3.6781E+002
670.0000,-3.6661E+002
671.0000,-3.5812E+002
672.0000,-3.6502E+002
673.0000,-3.6373E+002
674.0000,-3.5089E+002
675.0000,-3.5181E+002
676.0000,-3.5006E+002
677.0000,-3.5439E+002
678.0000,-3.5727E+002
679.0000,-3.6046E+002
680.0000,-3.6067E+002
681.0000,-3.5944E+002
682.0000,-3.5970E+002
683.0000,-3.5778E+002
684.0000,-3.5484E+002
685.0000,-3.5662E+002
686.0000,-3.5573E+002
687.0000,-3.4467E+002
688.0000,-3.5033E+002
689.0000,-3.4977E+002
690.0000,-3.5042E+002
691.0000,-3.5087E+002
692.0000,-3.4803E+002
693.0000,-3.4015E+002
694.0000,-3.4291E+002
695.0000,-3.4217E+002
696.0000,-3.3775E+002
697.0000,-3.3564E+002
698.0000,-3.3758E+002
699.0000,-3.3903E+002
700.0000,-3.3636E+002
701.0000,-3.3443E+002
702.0000,-3.3414E+002
703.0000,-3.3308E+002
704.0000,-3.3096E+002
705.0000,-3.2984E+002
706.0000,-3.2696E+002
707.0000,-3.2479E+002
708.0000,-3.2506E+002
709.0000,-3.2442E+002
710.0000,-3.2474E+002
711.0000,-3.2209E+002
712.0000,-3.1811E+002
713.0000,-3.1338E+002
714.0000,-3.0815E+002
715.0000,0.0000E+000
716.0000,0.0000E+000
717.0000,0.0000E+000
718.0000,0.0000E+000
719.0000,0.0000E+000
720.0000,0.0000E+000
721.0000,0.0000E+000
722.0000,0.0000E+000
723.0000,0.0000E+000
724.0000,0.0000E+000
725.0000,0.0000E+000
726.0000,0.0000E+000
727.0000,0.0000E+000
728.0000,0.0000E+000
729.0000,-2.5252E+002
730.0000,-3.0932E+002
731.0000,0.0000E+000
732.0000,0.0000E+000
733.0000,0.0000E+000
734.0000,0.0000E+000
735.0000,0.0000E+000
736.0000,0.0000E+000
737.0000,0.0000E+000
738.0000,0.0000E+000
739.0000,0.0000E+000
740.0000,0.0000E+000
741.0000,0.0000E+000
742.0000,0.0000E+000
743.0000,0.0000E+000
744.0000,0.0000E+000
745.0000,0.0000E+000
746.0000,0.0000E+000
747.0000,0.0000E+000
748.0000,0.0000E+000
749.0000,0.0000E+000
750.0000,0.0000E+000
751.0000,0.0000E+000
752.0000,0.0000E+000
753.0000,0.0000E+000
754.0000,0.0000E+000
755.0000,0.0000E+000
756.0000,0.0000E+000
757.0000,0.0000E+000
758.0000,0.0000E+000
759.0000,0.0000E+000
760.0000,0.0000E+000
761.0000,0.0000E+000
762.0000,0.0000E+000
763.0000,0.0000E+000
764.0000,0.0000E+000
765.0000,0.0000E+000
766.0000,0.0000E+000
767.0000,0.0000E+000
768.0000,0.0000E+000
769.0000,0.0000E+000
770.0000,0.0000E+000
771.0000,0.0000E+000
772.0000,0.0000E+000
773.0000,0.0000E+000
774.0000,0.0000E+000
775.0000,0.0000E+000
776.0000,-2.5254E+002
777.0000,-2.5254E+002
778.0000,-2.5254E+002
779.0000,0.0000E+000
780.0000,0.0000E+000
781.0000,0.0000E+000
782.0000,0.0000E+000
783.0000,0.0000E+000
784.0000,0.0000E+000
785.0000,0.0000E+000
786.0000,0.0000E+000
787.0000,0.0000E+000
788.0000,0.0000E+000
789.0000,0.0000E+000
790.0000,0.0000E+000
791.0000,0.0000E+000
792.0000,-2.5253E+002
793.0000,0.0000E+000
794.0000,0.0000E+000
795.0000,0.0000E+000
796.0000,-2.5252E+002
797.0000,0.0000E+000
798.0000,0.0000E+000
799.0000,0.0000E+000
800.0000,-2.5251E+002
801.0000,0.0000E+000
802.0000,0.0000E+000
803.0000,0.0000E+000
804.0000,0.0000E+000
805.0000,-3.0932E+002
806.0000,-3.0932E+002
807.0000,-3.0932E+002
808.0000,-3.0932E+002
809.0000,-3.0932E+002
810.0000,-3.0932E+002
811.0000,-2.5251E+002
812.0000,0.0000E+000
813.0000,0.0000E+000
814.0000,0.0000E+000
815.0000,0.0000E+000
816.0000,0.0000E+000
817.0000,0.0000E+000
818.0000,0.0000E+000
819.0000,-3.1573E+002
820.0000,-3.2341E+002
821.0000,-3.1792E+002
822.0000,-3.1877E+002
823.0000,-3.2092E+002
824.0000,-3.2159E+002
825.0000,-3.2289E+002
826.0000,-3.2455E+002
827.0000,-3.2579E+002
828.0000,-3.2747E+002
829.0000,-3.3203E+002
830.0000,-3.3421E+002
831.0000,-3.3555E+002
832.0000,-3.4362E+002
833.0000,-3.4707E+002
834.0000,-3.4054E+002
835.0000,-3.3837E+002
836.0000,-3.3795E+002
837.0000,-3.3835E+002
838.0000,-3.4066E+002
839.0000,-3.3848E+002
840.0000,-3.3847E+002
841.0000,-3.4162E+002
842.0000,-3.4038E+002
843.0000,-3.4261E+002
844.0000,-3.5303E+002
845.0000,-3.5104E+002
846.0000,-3.4891E+002
847.0000,-3.5041E+002
848.0000,-3.4711E+002
849.0000,-3.5370E+002
850.0000,-3.5178E+002
851.0000,-3.4978E+002
852.0000,-3.5099E+002
853.0000,-3.5203E+002
854.0000,-3.6101E+002
855.0000,-3.5359E+002
856.0000,-3.5759E+002
857.0000,-3.5886E+002
858.0000,-3.6502E+002
859.0000,-3.6288E+002
860.0000,-3.7438E+002
861.0000,-3.8975E+002
862.0000,-4.0179E+002
863.0000,-4.0007E+002
864.0000,-3.8528E+002
865.0000,-3.7779E+002
866.0000,-3.7725E+002
867.0000,-3.7943E+002
868.0000,-3.7790E+002
869.0000,-3.9069E+002
870.0000,-3.9292E+002
871.0000,-3.9343E+002
872.0000,-3.9589E+002
873.0000,-3.9662E+002
874.0000,-4.0023E+002
875.0000,-3.9426E+002
876.0000,-3.9068E+002
877.0000,-4.0012E+002
878.0000,-3.9206E+002
879.0000,-3.9626E+002
880.0000,-4.0007E+002
881.0000,-4.0110E+002
882.0000,-4.0137E+002
883.0000,-4.0370E+002
884.0000,-4.0901E+002
885.0000,-4.1954E+002
886.0000,-4.3125E+002
887.0000,-4.3458E+002
888.0000,-4.3526E+002
889.0000,-4.3923E+002
890.0000,-4.3623E+002
891.0000,-4.3324E+002
892.0000,-4.3283E+002
893.0000,-4.3262E+002
894.0000,-4.3152E+002
895.0000,-4.2782E+002
896.0000,-4.2505E+002
897.0000,-4.3126E+002
898.0000,-4.3875E+002
899.0000,-4.4059E+002
900.0000,-4.4607E+002
901.0000,-4.4684E+002
902.0000,-4.4178E+002
903.0000,-4.3504E+002
904.0000,-4.2783E+002
905.0000,-4.2578E+002
906.0000,-4.3346E+002
907.0000,-4.3101E+002
908.0000,-4.3305E+002
909.0000,-4.3035E+002
910.0000,-4.3798E+002
911.0000,-4.3790E+002
912.0000,-4.3891E+002
913.0000,-4.4352E+002
914.0000,-4.5073E+002
915.0000,-4.6060E+002
916.0000,-4.5468E+002
917.0000,-4.5873E+002
918.0000,-4.6948E+002
919.0000,-4.6302E+002
920.0000,-4.5409E+002
921.0000,-4.5841E+002
922.0000,-4.6193E+002
923.0000,-4.5461E+002
924.0000,-4.4957E+002
925.0000,-4.5609E+002
926.0000,-4.4802E+002
927.0000,-4.5026E+002
928.0000,-4.6050E+002
929.0000,-4.6241E+002
930.0000,-4.8319E+002
931.0000,-4.6652E+002
932.0000,-4.6603E+002
933.0000,-4.6808E+002
934.0000,-4.7215E+002
935.0000,-4.7814E+002
936.0000,-4.7150E+002
937.0000,-4.6753E+002
938.0000,-4.6386E+002
939.0000,-4.6807E+002
940.0000,-4.7352E+002
941.0000,-4.6851E+002
942.0000,-4.6793E+002
943.0000,-4.7318E+002
944.0000,-4.6889E+002
945.0000,-4.6511E+002
946.0000,-4.6509E+002
947.0000,-4.5676E+002
948.0000,-4.6553E+002
949.0000,-4.6000E+002
950.0000,-4.6067E+002
951.0000,-4.5215E+002
952.0000,-4.4084E+002
953.0000,-4.4417E+002
954.0000,-4.3890E+002
955.0000,-4.4094E+002
956.0000,-4.3728E+002
957.0000,-4.5312E+002
958.0000,-4.3651E+002
959.0000,-4.3867E+002
960.0000,-4.4018E+002
961.0000,-4.4023E+002
962.0000,-4.4094E+002
963.0000,-4.3572E+002
964.0000,-4.3759E+002
965.0000,-4.3613E+002
966.0000,-4.3441E+002
967.0000,-4.3506E+002
968.0000,-4.3817E+002
969.0000,-4.3255E+002
970.0000,-4.3335E+002
971.0000,-4.3793E+002
972.0000,-4.3031E+002
973.0000,-4.3753E+002
974.0000,-4.3953E+002
975.0000,-4.4374E+002
976.0000,-4.4337E+002
977.0000,-4.3130E+002
978.0000,-4.1454E+002
979.0000,-4.1154E+002
980.0000,-4.1494E+002
981.0000,-4.2003E+002
982.0000,-4.2012E+002
983.0000,-4.3118E+002
984.0000,-4.2377E+002
985.0000,-4.2177E+002
986.0000,-4.1708E+002
987.0000,-3.8929E+002
988.0000,-3.9468E+002
989.0000,-3.9640E+002
990.0000,-4.0425E+002
991.0000,-3.9836E+002
992.0000,-4.0510E+002
993.0000,-4.0419E+002
994.0000,-4.0073E+002
995.0000,-3.9635E+002
996.0000,-3.9704E+002
997.0000,-3.8879E+002
998.0000,-3.9620E+002
999.0000,-3.9453E+002
1000.0000,-3.9453E+002
1001.0000,-3.9681E+002
1002.0000,-3.9214E+002
1003.0000,-3.8778E+002
1004.0000,-3.8546E+002
1005.0000,-3.8505E+002
1006.0000,-3.9708E+002
1007.0000,-3.8701E+002
1008.0000,-3.8668E+002
1009.0000,-3.8744E+002
1010.0000,-3.8598E+002
1011.0000,-3.8660E+002
1012.0000,-3.8825E+002
1013.0000,-3.8836E+002
1014.0000,-3.8999E+002
1015.0000,-3.9052E+002
1016.0000,-3.9013E+002
1017.0000,-3.8579E+002
1018.0000,-3.8359E+002
1019.0000,-3.8002E+002
1020.0000,-3.7702E+002
1021.0000,-3.7516E+002
1022.0000,-3.7339E+002
1023.0000,-3.7165E+002
1024.0000,-3.7018E+002
1025.0000,-3.6874E+002
1026.0000,-3.6936E+002
1027.0000,-3.6887E+002
1028.0000,-3.6938E+002
1029.0000,-3.6814E+002
1030.0000,-3.6559E+002
1031.0000,-3.6556E+002
1032.0000,-3.6375E+002
1033.0000,-3.5871E+002
1034.0000,-3.6061E+002
1035.0000,-3.6157E+002
1036.0000,-3.6247E+002
1037.0000,-3.6092E+002
1038.0000,-3.5438E+002
1039.0000,-3.5368E+002
1040.0000,-3.5844E+002
1041.0000,-3.5763E+002
1042.0000,-3.5475E+002
1043.0000,-3.5380E+002
1044.0000,-3.3986E+002
1045.0000,-3.5063E+002
1046.0000,-3.4970E+002
1047.0000,-3.5135E+002
1048.0000,-3.5056E+002
1049.0000,-3.4904E+002
1050.0000,-3.4487E+002
1051.0000,-3.3526E+002
1052.0000,-3.4339E+002
1053.0000,-3.4348E+002
1054.0000,-3.4294E+002
1055.0000,-3.3828E+002
1056.0000,-3.3767E+002
1057.0000,-3.4038E+002
1058.0000,-3.4018E+002
1059.0000,-3.4159E+002
1060.0000,-3.4210E+002
1061.0000,-3.4052E+002
1062.0000,-3.3723E+002
1063.0000,-3.3732E+002
1064.0000,-3.3656E+002
1065.0000,-3.3621E+002
1066.0000,-3.3495E+002
1067.0000,-3.3499E+002
1068.0000,-3.3464E+002
1069.0000,-3.3411E+002
1070.0000,-3.3312E+002
1071.0000,-3.3132E+002
1072.0000,-3.3037E+002
1073.0000,-3.2871E+002
1074.0000,-3.2703E+002
1075.0000,-3.2610E+002
1076.0000,-3.2577E+002
1077.0000,-3.2603E+002
1078.0000,-3.2632E+002
1079.0000,-3.2538E+002
1080.0000,-3.2401E+002
1081.0000,-3.2349E+002
1082.0000,-3.2300E+002
1083.0000,-3.2206E+002
1084.0000,-3.2122E+002
1085.0000,-3.2103E+002
1086.0000,-3.2058E+002
1087.0000,-3.1920E+002
1088.0000,-3.1832E+002
1089.0000,-3.1761E+002
1090.0000,-3.1755E+002
1091.0000,-3.1677E+002
1092.0000,-3.1559E+002
1093.0000,-3.1520E+002
1094.0000,-3.1530E+002
1095.0000,-3.1506E+002
1096.0000,-3.1522E+002
1097.0000,-3.1327E+002
1098.0000,-3.1167E+002
1099.0000,-3.1119E+002
1100.0000,-3.1102E+002
1101.0000,-3.1111E+002
1102.0000,-3.1033E+002
1103.0000,-3.0969E+002
1104.0000,-3.1029E+002
1105.0000,-3.1032E+002
1106.0000,-3.1040E+002
1107.0000,-3.0998E+002
1108.0000,-3.0869E+002
1109.0000,-3.0696E+002
1110.0000,0.0000E+000
1111.0000,0.0000E+000
1112.0000,0.0000E+000
1113.0000,0.0000E+000
1114.0000,0.0000E+000
1115.0000,0.0000E+000
1116.0000,0.0000E+000
1117.0000,0.0000E+000
1118.0000,0.0000E+000
1119.0000,0.0000E+000
1120.0000,0.0000E+000
1121.0000,0.0000E+000
1122.0000,0.0000E+000
1123.0000,0.0000E+000
1124.0000,0.0000E+000
1125.0000,0.0000E+000
1126.0000,0.0000E+000
1127.0000,0.0000E+000
1128.0000,0.0000E+000
1129.0000,0.0000E+000
1130.0000,0.0000E+000
1131.0000,0.0000E+000
1132.0000,0.0000E+000
1133.0000,0.0000E+000
1134.0000,0.0000E+000
1135.0000,0.0000E+000
1136.0000,0.0000E+000
1137.0000,0.0000E+000
1138.0000,0.0000E+000
1139.0000,0.0000E+000
1140.0000,0.0000E+000
1141.0000,-3.0932E+002
1142.0000,0.0000E+000
1143.0000,0.0000E+000
1144.0000,0.0000E+000
1145.0000,0.0000E+000
1146.0000,0.0000E+000
1147.0000,0.0000E+000
1148.0000,0.0000E+000
1149.0000,0.0000E+000
1150.0000,0.0000E+000
1151.0000,0.0000E+000
1152.0000,-2.5251E+002
1153.0000,0.0000E+000
1154.0000,-2.5251E+002
1155.0000,0.0000E+000
1156.0000,-3.0932E+002
1157.0000,0.0000E+000
1158.0000,0.0000E+000
1159.0000,0.0000E+000
1160.0000,0.0000E+000
1161.0000,-3.0932E+002
1162.0000,-3.0932E+002
1163.0000,-3.0994E+002
1164.0000,-3.0974E+002
1165.0000,-3.1140E+002
1166.0000,-3.1260E+002
1167.0000,-3.1476E+002
1168.0000,-3.1728E+002
1169.0000,-3.1977E+002
1170.0000,-3.2235E+002
1171.0000,-3.2443E+002
1172.0000,-3.2703E+002
1173.0000,-3.2979E+002
1174.0000,-3.3271E+002
1175.0000,-3.3614E+002
1176.0000,-3.4116E+002
1177.0000,-3.4721E+002
1178.0000,-3.5561E+002
1179.0000,-3.5804E+002
1180.0000,-3.6337E+002
1181.0000,-3.5367E+002
1182.0000,-3.4791E+002
1183.0000,-3.4753E+002
1184.0000,-3.4912E+002
1185.0000,-3.5138E+002
1186.0000,-3.5331E+002
1187.0000,-3.5865E+002
1188.0000,-3.5538E+002
1189.0000,-3.5740E+002
1190.0000,-3.5826E+002
1191.0000,-3.5741E+002
1192.0000,-3.6058E+002
1193.0000,-3.5945E+002
1194.0000,-3.5815E+002
1195.0000,-3.5623E+002
1196.0000,-3.5333E+002
1197.0000,-3.5612E+002
1198.0000,-3.5766E+002
1199.0000,-3.5466E+002
1200.0000,-3.6383E+002
1201.0000,-3.6365E+002
1202.0000,-3.6004E+002
1203.0000,-3.6913E+002
1204.0000,-3.6801E+002
1205.0000,-3.6395E+002
1206.0000,-3.6243E+002
1207.0000,-3.6685E+002
1208.0000,-3.6474E+002
1209.0000,-3.6394E+002
1210.0000,-3.7058E+002
1211.0000,-3.7119E+002
1212.0000,-3.6976E+002
1213.0000,-3.6749E+002
1214.0000,-3.6397E+002
1215.0000,-3.6518E+002
1216.0000,-3.7456E+002
1217.0000,-3.7134E+002
1218.0000,-3.8016E+002
1219.0000,-3.9958E+002
1220.0000,-3.9557E+002
1221.0000,-3.9309E+002
1222.0000,-3.9837E+002
1223.0000,-3.9997E+002
1224.0000,-3.9842E+002
1225.0000,-3.9655E+002
1226.0000,-4.0893E+002
1227.0000,-3.9564E+002
1228.0000,-3.9409E+002
1229.0000,-4.0472E+002
1230.0000,-4.0068E+002
1231.0000,-4.0148E+002
1232.0000,-4.0548E+002
1233.0000,-3.9690E+002
1234.0000,-3.9771E+002
1235.0000,-4.0193E+002
1236.0000,-4.0442E+002
1237.0000,-4.0351E+002
1238.0000,-4.2206E+002
1239.0000,-4.0405E+002
1240.0000,-4.0243E+002
1241.0000,-4.1343E+002
1242.0000,-4.0993E+002
1243.0000,-4.1589E+002
1244.0000,-4.1656E+002
1245.0000,-4.1377E+002
1246.0000,-4.1247E+002
1247.0000,-3.9983E+002
1248.0000,-4.0698E+002
1249.0000,-4.0969E+002
1250.0000,-4.1306E+002
1251.0000,-4.1683E+002
1252.0000,-4.1992E+002
1253.0000,-4.2587E+002
1254.0000,-4.3161E+002
1255.0000,-4.2870E+002
1256.0000,-4.2844E+002
1257.0000,-4.2444E+002
1258.0000,-4.2603E+002
1259.0000,-4.2255E+002
1260.0000,-4.2207E+002
1261.0000,-4.2289E+002
1262.0000,-4.2274E+002
1263.0000,-4.2476E+002
1264.0000,-4.2961E+002
1265.0000,-4.2726E+002
1266.0000,-4.2947E+002
1267.0000,-4.3050E+002
1268.0000,-4.3109E+002
1269.0000,-4.4263E+002
1270.0000,-4.3609E+002
1271.0000,-4.4077E+002
1272.0000,-4.3247E+002
1273.0000,-4.3337E+002
1274.0000,-4.3420E+002
1275.0000,-4.3841E+002
1276.0000,-4.4941E+002
1277.0000,-4.4613E+002
1278.0000,-4.7534E+002
1279.0000,-4.6313E+002
1280.0000,-4.5227E+002
1281.0000,-4.5995E+002
1282.0000,-4.6164E+002
1283.0000,-4.7938E+002
1284.0000,-4.7247E+002
1285.0000,-4.6618E+002
1286.0000,-4.6376E+002
1287.0000,-4.6192E+002
1288.0000,-4.6780E+002
1289.0000,-4.5998E+002
1290.0000,-4.5501E+002
1291.0000,-4.5847E+002
1292.0000,-4.6561E+002
1293.0000,-4.5978E+002
1294.0000,-4.6778E+002
1295.0000,-4.6967E+002
1296.0000,-4.5618E+002
1297.0000,-4.5811E+002
1298.0000,-4.5295E+002
1299.0000,-4.5030E+002
1300.0000,-4.5674E+002
1301.0000,-4.6002E+002
1302.0000,-4.5291E+002
1303.0000,-4.5435E+002
1304.0000,-4.5163E+002
1305.0000,-4.5972E+002
1306.0000,-4.5280E+002
1307.0000,-4.5551E+002
1308.0000,-4.5825E+002
1309.0000,-4.5800E+002
1310.0000,-4.5810E+002
1311.0000,-4.5569E+002
1312.0000,-4.5740E+002
1313.0000,-4.4717E+002
1314.0000,-4.4670E+002
1315.0000,-4.4666E+002
1316.0000,-4.4043E+002
1317.0000,-4.3597E+002
1318.0000,-4.2634E+002
1319.0000,-4.3088E+002
1320.0000,-4.2761E+002
1321.0000,-4.2468E+002
1322.0000,-4.3251E+002
1323.0000,-4.2596E+002
1324.0000,-4.2387E+002
1325.0000,-4.1992E+002
1326.0000,-4.3520E+002
1327.0000,-4.3195E+002
1328.0000,-4.2403E+002
1329.0000,-4.3092E+002
1330.0000,-4.2367E+002
1331.0000,-4.2212E+002
1332.0000,-4.2268E+002
1333.0000,-4.2312E+002
1334.0000,-4.2635E+002
1335.0000,-4.2671E+002
1336.0000,-4.3441E+002
1337.0000,-4.3084E+002
1338.0000,-4.2768E+002
1339.0000,-4.3482E+002
1340.0000,-4.2854E+002
1341.0000,-4.3189E+002
1342.0000,-4.4178E+002
1343.0000,-4.5094E+002
1344.0000,-4.3783E+002
1345.0000,-4.3568E+002
1346.0000,-4.2984E+002
1347.0000,-4.2514E+002
1348.0000,-4.2065E+002
1349.0000,-4.2052E+002
1350.0000,-4.1774E+002
1351.0000,-4.1739E+002
1352.0000,-4.1247E+002
1353.0000,-4.1117E+002
1354.0000,-4.0827E+002
1355.0000,-4.0910E+002
1356.0000,-4.0625E+002
1357.0000,-4.0177E+002
1358.0000,-3.9857E+002
1359.0000,-3.9915E+002
1360.0000,-3.8728E+002
1361.0000,-3.8797E+002
1362.0000,-3.8402E+002
1363.0000,-3.8822E+002
1364.0000,-3.9550E+002
1365.0000,-3.9092E+002
1366.0000,-3.9154E+002
1367.0000,-3.9050E+002
1368.0000,-3.8778E+002
1369.0000,-3.8914E+002
1370.0000,-3.9518E+002
1371.0000,-3.8868E+002
1372.0000,-3.9040E+002
1373.0000,-3.8555E+002
1374.0000,-3.8213E+002
1375.0000,-3.7675E+002
1376.0000,-3.7544E+002
1377.0000,-3.6479E+002
1378.0000,-3.7590E+002
1379.0000,-3.7254E+002
1380.0000,-3.7258E+002
1381.0000,-3.6523E+002
1382.0000,-3.7271E+002
1383.0000,-3.7192E+002
1384.0000,-3.7154E+002
1385.0000,-3.7111E+002
1386.0000,-3.7170E+002
1387.0000,-3.7025E+002
1388.0000,-3.6941E+002
1389.0000,-3.6677E+002
1390.0000,-3.6942E+002
1391.0000,-3.7059E+002
1392.0000,-3.7308E+002
1393.0000,-3.7657E+002
1394.0000,-3.7409E+002
1395.0000,-3.6972E+002
1396.0000,-3.5711E+002
1397.0000,-3.5316E+002
1398.0000,-3.6252E+002
1399.0000,-3.6108E+002
1400.0000,-3.5241E+002
1401.0000,-3.5673E+002
1402.0000,-3.4925E+002
1403.0000,-3.5425E+002
1404.0000,-3.5116E+002
1405.0000,-3.4506E+002
1406.0000,-3.4766E+002
1407.0000,-3.5435E+002
1408.0000,-3.5230E+002
1409.0000,-3.5348E+002
1410.0000,-3.5592E+002
1411.0000,-3.5650E+002
1412.0000,-3.5333E+002
1413.0000,-3.5192E+002
1414.0000,-3.4690E+002
1415.0000,-3.4659E+002
1416.0000,-3.4804E+002
1417.0000,-3.4325E+002
1418.0000,-3.4553E+002
1419.0000,-3.4719E+002
1420.0000,-3.4787E+002
1421.0000,-3.4743E+002
1422.0000,-3.4823E+002
1423.0000,-3.4561E+002
1424.0000,-3.4349E+002
1425.0000,-3.4203E+002
1426.0000,-3.3842E+002
1427.0000,-3.2762E+002
1428.0000,-3.3686E+002
1429.0000,-3.3598E+002
1430.0000,-3.3718E+002
1431.0000,-3.3838E+002
1432.0000,-3.3864E+002
1433.0000,-3.3985E+002
1434.0000,-3.3841E+002
1435.0000,-3.3696E+002
1436.0000,-3.3702E+002
1437.0000,-3.3642E+002
1438.0000,-3.3567E+002
1439.0000,-3.3518E+002
1440.0000,-3.3444E+002
1441.0000,-3.3320E+002
1442.0000,-3.3215E+002
1443.0000,-3.3100E+002
1444.0000,-3.3026E+002
1445.0000,-3.3051E+002
1446.0000,-3.3026E+002
1447.0000,-3.2926E+002
1448.0000,-3.2895E+002
1449.0000,-3.2864E+002
1450.0000,-3.2792E+002
1451.0000,-3.2527E+002
1452.0000,-3.2427E+002
1453.0000,-3.2287E+002
1454.0000,-3.2213E+002
1455.0000,-3.2032E+002
1456.0000,-3.1998E+002
1457.0000,-3.1898E+002
1458.0000,-3.1832E+002
1459.0000,-3.1742E+002
1460.0000,-3.1637E+002
1461.0000,-3.1511E+002
1462.0000,-3.1069E+002
1463.0000,-3.0955E+002
1464.0000,-3.0930E+002
1465.0000,-3.0920E+002
1466.0000,-3.0904E+002
1467.0000,-3.0855E+002
1468.0000,-3.0972E+002
1469.0000,-3.0972E+002
1470.0000,-3.0933E+002
1471.0000,-3.0983E+002
1472.0000,-3.1108E+002
1473.0000,-3.1138E+002
1474.0000,-3.1055E+002
1475.0000,-3.0790E+002
1476.0000,0.0000E+000
1477.0000,0.0000E+000
1478.0000,0.0000E+000
1479.0000,0.0000E+000
1480.0000,0.0000E+000
1481.0000,0.0000E+000
1482.0000,0.0000E+000
1483.0000,0.0000E+000
1484.0000,0.0000E+000
1485.0000,0.0000E+000
1486.0000,0.0000E+000
1487.0000,0.0000E+000
1488.0000,-2.5251E+002
1489.0000,0.0000E+000
1490.0000,-2.5251E+002
1491.0000,0.0000E+000
1492.0000,0.0000E+000
1493.0000,0.0000E+000
1494.0000,0.0000E+000
1495.0000,0.0000E+000
1496.0000,0.0000E+000
1497.0000,0.0000E+000
1498.0000,0.0000E+000
1499.0000,0.0000E+000
1500.0000,0.0000E+000
1501.0000,0.0000E+000
1502.0000,-2.5253E+002
1503.0000,0.0000E+000
1504.0000,0.0000E+000
1505.0000,0.0000E+000
1506.0000,0.0000E+000
1507.0000,0.0000E+000
1508.0000,0.0000E+000
1509.0000,0.0000E+000
1510.0000,0.0000E+000
1511.0000,0.0000E+000
1512.0000,0.0000E+000
1513.0000,0.0000E+000
1514.0000,0.0000E+000
1515.0000,0.0000E+000
1516.0000,0.0000E+000
1517.0000,0.0000E+000
1518.0000,0.0000E+000
1519.0000,0.0000E+000
1520.0000,0.0000E+000
1521.0000,0.0000E+000
1522.0000,0.0000E+000
1523.0000,0.0000E+000
1524.0000,0.0000E+000
1525.0000,0.0000E+000
1526.0000,0.0000E+000
1527.0000,0.0000E+000
1528.0000,0.0000E+000
1529.0000,-2.5254E+002
1530.0000,-2.5251E+002
1531.0000,0.0000E+000
1532.0000,0.0000E+000
1533.0000,0.0000E+000
1534.0000,0.0000E+000
1535.0000,0.0000E+000
1536.0000,0.0000E+000
1537.0000,0.0000E+000
1538.0000,0.0000E+000
1539.0000,0.0000E+000
1540.0000,0.0000E+000
1541.0000,0.0000E+000
1542.0000,0.0000E+000
1543.0000,0.0000E+000
1544.0000,0.0000E+000
1545.0000,0.0000E+000
1546.0000,0.0000E+000
1547.0000,0.0000E+000
1548.0000,0.0000E+000
1549.0000,-3.0932E+002
1550.0000,-3.0932E+002
1551.0000,0.0000E+000
1552.0000,0.0000E+000
1553.0000,0.0000E+000
1554.0000,0.0000E+000
1555.0000,-3.0932E+002
1556.0000,-3.0932E+002
1557.0000,-3.0932E+002
1558.0000,-3.2703E+002
1559.0000,-3.1502E+002
1560.0000,-3.1692E+002
1561.0000,-3.1510E+002
1562.0000,-3.1479E+002
1563.0000,-3.1506E+002
1564.0000,-3.1546E+002
1565.0000,-3.1691E+002
1566.0000,-3.1843E+002
1567.0000,-3.1992E+002
1568.0000,-3.2052E+002
1569.0000,-3.2221E+002
1570.0000,-3.2158E+002
1571.0000,-3.2225E+002
1572.0000,-3.2311E+002
1573.0000,-3.2466E+002
1574.0000,-3.2541E+002
1575.0000,-3.2653E+002
1576.0000,-3.2784E+002
1577.0000,-3.2906E+002
1578.0000,-3.3198E+002
1579.0000,-3.3837E+002
1580.0000,-3.3970E+002
1581.0000,-3.4242E+002
1582.0000,-3.5157E+002
1583.0000,-3.4680E+002
1584.0000,-3.4672E+002
1585.0000,-3.5393E+002
1586.0000,-3.6297E+002
1587.0000,-3.7437E+002
1588.0000,-4.0217E+002
1589.0000,-4.1232E+002
1590.0000,-4.0557E+002
1591.0000,-3.8664E+002
1592.0000,-3.7115E+002
1593.0000,-3.6535E+002
1594.0000,-3.6611E+002
1595.0000,-3.6923E+002
1596.0000,-3.7531E+002
1597.0000,-3.8908E+002
1598.0000,-3.7865E+002
1599.0000,-3.8914E+002
1600.0000,-3.9774E+002
1601.0000,-3.9320E+002
1602.0000,-3.9377E+002
1603.0000,-3.9686E+002
1604.0000,-3.9274E+002
1605.0000,-3.9860E+002
1606.0000,-3.9114E+002
1607.0000,-3.8942E+002
1608.0000,-3.8824E+002
1609.0000,-4.0128E+002
1610.0000,-4.0921E+002
1611.0000,-4.0389E+002
1612.0000,-4.0406E+002
1613.0000,-4.0986E+002
1614.0000,-4.0883E+002
1615.0000,-4.1505E+002
1616.0000,-4.0711E+002
1617.0000,-4.0422E+002
1618.0000,-4.0596E+002
1619.0000,-4.0304E+002
1620.0000,-4.1097E+002
1621.0000,-4.1164E+002
1622.0000,-4.2741E+002
1623.0000,-4.3091E+002
1624.0000,-4.3847E+002
1625.0000,-4.2879E+002
1626.0000,-4.3126E+002
1627.0000,-4.3698E+002
1628.0000,-4.3953E+002
1629.0000,-4.3987E+002
1630.0000,-4.3431E+002
1631.0000,-4.3588E+002
1632.0000,-4.3514E+002
1633.0000,-4.3133E+002
1634.0000,-4.3866E+002
1635.0000,-4.4248E+002
1636.0000,-4.4252E+002
1637.0000,-4.4709E+002
1638.0000,-4.5810E+002
1639.0000,-4.5075E+002
1640.0000,-4.4571E+002
1641.0000,-4.4009E+002
1642.0000,-4.3978E+002
1643.0000,-4.3661E+002
1644.0000,-4.3907E+002
1645.0000,-4.4556E+002
1646.0000,-4.3772E+002
1647.0000,-4.3962E+002
1648.0000,-4.4209E+002
1649.0000,-4.4646E+002
1650.0000,-4.6904E+002
1651.0000,-4.5426E+002
1652.0000,-4.4754E+002
1653.0000,-4.5494E+002
1654.0000,-4.4617E+002
1655.0000,-4.4747E+002
1656.0000,-4.5228E+002
1657.0000,-4.6444E+002
1658.0000,-4.6911E+002
1659.0000,-4.7419E+002
1660.0000,-4.6969E+002
1661.0000,-4.6493E+002
1662.0000,-4.6502E+002
1663.0000,-4.5837E+002
1664.0000,-4.6000E+002
1665.0000,-4.5297E+002
1666.0000,-4.4933E+002
1667.0000,-4.4477E+002
1668.0000,-4.3813E+002
1669.0000,-4.2858E+002
1670.0000,-4.2425E+002
1671.0000,-4.3555E+002
1672.0000,-4.2244E+002
1673.0000,-4.2969E+002
1674.0000,-4.2688E+002
1675.0000,-4.2638E+002
1676.0000,-4.2457E+002
1677.0000,-4.4153E+002
1678.0000,-4.2718E+002
1679.0000,-4.2928E+002
1680.0000,-4.2900E+002
1681.0000,-4.3852E+002
1682.0000,-4.3028E+002
1683.0000,-4.3177E+002
1684.0000,-4.2455E+002
1685.0000,-4.2634E+002
1686.0000,-4.2259E+002
1687.0000,-4.2682E+002
1688.0000,-4.2566E+002
1689.0000,-4.3473E+002
1690.0000,-4.3152E+002
1691.0000,-4.3095E+002
1692.0000,-4.3016E+002
1693.0000,-4.3050E+002
1694.0000,-4.3044E+002
1695.0000,-4.3386E+002
1696.0000,-4.3417E+002
1697.0000,-4.3310E+002
1698.0000,-4.3123E+002
1699.0000,-4.3480E+002
1700.0000,-4.4019E+002
1701.0000,-4.4291E+002
1702.0000,-4.4532E+002
1703.0000,-4.4602E+002
1704.0000,-4.5035E+002
1705.0000,-4.4327E+002
1706.0000,-4.3704E+002
1707.0000,-4.3264E+002
1708.0000,-4.3302E+002
1709.0000,-4.3799E+002
1710.0000,-4.3312E+002
1711.0000,-4.3621E+002
1712.0000,-4.3188E+002
1713.0000,-4.3597E+002
1714.0000,-4.3296E+002
1715.0000,-4.3286E+002
1716.0000,-4.2772E+002
1717.0000,-4.2216E+002
1718.0000,-4.1843E+002
1719.0000,-4.0861E+002
1720.0000,-4.0627E+002
1721.0000,-4.1511E+002
1722.0000,-4.1108E+002
1723.0000,-4.1358E+002
1724.0000,-4.1285E+002
1725.0000,-4.0276E+002
1726.0000,-4.0689E+002
1727.0000,-4.0348E+002
1728.0000,-4.0223E+002
1729.0000,-4.0179E+002
1730.0000,-4.0191E+002
1731.0000,-3.9864E+002
1732.0000,-3.9855E+002
1733.0000,-3.9962E+002
1734.0000,-3.9475E+002
1735.0000,-3.9514E+002
1736.0000,-3.9569E+002
1737.0000,-3.9790E+002
1738.0000,-4.0171E+002
1739.0000,-4.0249E+002
1740.0000,-3.9684E+002
1741.0000,-3.9163E+002
1742.0000,-3.9162E+002
1743.0000,-3.9042E+002
1744.0000,-3.9040E+002
1745.0000,-3.8979E+002
1746.0000,-3.8800E+002
1747.0000,-3.8545E+002
1748.0000,-3.8375E+002
1749.0000,-3.8226E+002
1750.0000,-3.8072E+002
1751.0000,-3.7786E+002
1752.0000,-3.7637E+002
1753.0000,-3.7058E+002
1754.0000,-3.6923E+002
1755.0000,-3.5726E+002
1756.0000,-3.5343E+002
1757.0000,-3.5699E+002
1758.0000,-3.5028E+002
1759.0000,-3.6274E+002
1760.0000,-3.6252E+002
1761.0000,-3.6264E+002
1762.0000,-3.5861E+002
1763.0000,-3.6033E+002
1764.0000,-3.6281E+002
1765.0000,-3.6454E+002
1766.0000,-3.6129E+002
1767.0000,-3.6039E+002
1768.0000,-3.5873E+002
1769.0000,-3.5799E+002
1770.0000,-3.5905E+002
1771.0000,-3.5734E+002
1772.0000,-3.5502E+002
1773.0000,-3.4741E+002
1774.0000,-3.5238E+002
1775.0000,-3.5305E+002
1776.0000,-3.5076E+002
1777.0000,-3.4653E+002
1778.0000,-3.4549E+002
1779.0000,-3.4532E+002
1780.0000,-3.4289E+002
1781.0000,-3.4616E+002
1782.0000,-3.4638E+002
1783.0000,-3.4439E+002
1784.0000,-3.4181E+002
1785.0000,-3.4173E+002
1786.0000,-3.4226E+002
1787.0000,-3.4012E+002
1788.0000,-3.3532E+002
1789.0000,-3.3243E+002
1790.0000,-3.3272E+002
1791.0000,-3.3191E+002
1792.0000,-3.3108E+002
1793.0000,-3.2988E+002
1794.0000,-3.2910E+002
1795.0000,-3.2841E+002
1796.0000,-3.2782E+002
1797.0000,-3.2788E+002
1798.0000,-3.2802E+002
1799.0000,-3.2841E+002
1800.0000,-3.2604E+002
1801.0000,-3.2392E+002
1802.0000,-3.2074E+002
1803.0000,-3.1907E+002
1804.0000,-3.1769E+002
1805.0000,-3.1647E+002
1806.0000,-3.1335E+002
1807.0000,-3.1251E+002
1808.0000,-3.1225E+002
1809.0000,-3.1201E+002
1810.0000,-3.0931E+002
1811.0000,0.0000E+000
1812.0000,0.0000E+000
1813.0000,0.0000E+000
1814.0000,0.0000E+000
1815.0000,0.0000E+000
1816.0000,0.0000E+000
1817.0000,0.0000E+000
1818.0000,0.0000E+000
1819.0000,0.0000E+000
1820.0000,0.0000E+000
1821.0000,0.0000E+000
1822.0000,0.0000E+000
1823.0000,0.0000E+000
1824.0000,0.0000E+000
1825.0000,0.0000E+000
1826.0000,0.0000E+000
1827.0000,0.0000E+000
1828.0000,0.0000E+000
1829.0000,0.0000E+000
1830.0000,0.0000E+000
1831.0000,0.0000E+000
1832.0000,0.0000E+000
1833.0000,0.0000E+000
1834.0000,0.0000E+000
1835.0000,0.0000E+000
1836.0000,0.0000E+000
1837.0000,0.0000E+000
1838.0000,0.0000E+000
1839.0000,0.0000E+000
1840.0000,0.0000E+000
1841.0000,0.0000E+000
1842.0000,0.0000E+000
1843.0000,0.0000E+000
1844.0000,0.0000E+000
1845.0000,0.0000E+000
1846.0000,0.0000E+000
1847.0000,0.0000E+000
1848.0000,0.0000E+000
1849.0000,0.0000E+000
1850.0000,0.0000E+000
1851.0000,0.0000E+000
1852.0000,0.0000E+000
1853.0000,0.0000E+000
1854.0000,0.0000E+000
1855.0000,0.0000E+000
1856.0000,0.0000E+000
1857.0000,0.0000E+000
1858.0000,0.0000E+000
1859.0000,0.0000E+000
1860.0000,0.0000E+000
1861.0000,0.0000E+000
1862.0000,0.0000E+000
1863.0000,0.0000E+000
1864.0000,0.0000E+000
1865.0000,0.0000E+000
1866.0000,0.0000E+000
1867.0000,0.0000E+000
1868.0000,0.0000E+000
1869.0000,0.0000E+000
1870.0000,0.0000E+000
1871.0000,0.0000E+000
1872.0000,0.0000E+000
1873.0000,0.0000E+000
1874.0000,0.0000E+000
1875.0000,0.0000E+000
1876.0000,0.0000E+000
1877.0000,0.0000E+000
1878.0000,0.0000E+000
1879.0000,0.0000E+000
1880.0000,0.0000E+000
1881.0000,0.0000E+000
1882.0000,0.0000E+000
1883.0000,0.0000E+000
1884.0000,0.0000E+000
1885.0000,0.0000E+000
1886.0000,0.0000E+000
1887.0000,0.0000E+000
1888.0000,0.0000E+000
1889.0000,0.0000E+000
1890.0000,0.0000E+000
1891.0000,0.0000E+000
1892.0000,0.0000E+000
1893.0000,0.0000E+000
1894.0000,0.0000E+000
1895.0000,0.0000E+000
1896.0000,0.0000E+000
1897.0000,0.0000E+000
1898.0000,-2.5255E+002
1899.0000,0.0000E+000
1900.0000,0.0000E+000
1901.0000,0.0000E+000
1902.0000,0.0000E+000
1903.0000,-2.5251E+002
1904.0000,0.0000E+000
1905.0000,0.0000E+000
1906.0000,-3.0932E+002
1907.0000,0.0000E+000
1908.0000,0.0000E+000
1909.0000,0.0000E+000
1910.0000,0.0000E+000
1911.0000,-3.0932E+002
1912.0000,-3.0932E+002
1913.0000,-3.0932E+002
1914.0000,-3.0932E+002
1915.0000,-3.0932E+002
1916.0000,-3.0932E+002
1917.0000,0.0000E+000
1918.0000,-3.0932E+002
1919.0000,0.0000E+000
1920.0000,0.0000E+000
1921.0000,-3.0932E+002
1922.0000,-3.0932E+002
1923.0000,-3.2947E+002
1924.0000,-3.2243E+002
1925.0000,-3.1661E+002
1926.0000,-3.1740E+002
1927.0000,-3.1874E+002
1928.0000,-3.2102E+002
1929.0000,-3.2281E+002
1930.0000,-3.2256E+002
1931.0000,-3.2297E+002
1932.0000,-3.2400E+002
1933.0000,-3.2583E+002
1934.0000,-3.2887E+002
1935.0000,-3.2864E+002
1936.0000,-3.3245E+002
1937.0000,-3.3627E+002
1938.0000,-3.3533E+002
1939.0000,-3.3712E+002
1940.0000,-3.3694E+002
1941.0000,-3.3936E+002
1942.0000,-3.4169E+002
1943.0000,-3.3989E+002
1944.0000,-3.4036E+002
1945.0000,-3.4335E+002
1946.0000,-3.4432E+002
1947.0000,-3.4436E+002
1948.0000,-3.4554E+002
1949.0000,-3.4592E+002
1950.0000,-3.4820E+002
1951.0000,-3.4835E+002
1952.0000,-3.4875E+002
1953.0000,-3.5235E+002
1954.0000,-3.6026E+002
1955.0000,-3.6154E+002
1956.0000,-3.7079E+002
1957.0000,-3.8086E+002
1958.0000,-3.8273E+002
1959.0000,-3.8173E+002
1960.0000,-3.8189E+002
1961.0000,-3.7839E+002
1962.0000,-3.7738E+002
1963.0000,-3.7770E+002
1964.0000,-3.7996E+002
1965.0000,-3.7709E+002
1966.0000,-3.9882E+002
1967.0000,-3.9184E+002
1968.0000,-3.9123E+002
1969.0000,-4.0775E+002
1970.0000,-4.0885E+002
1971.0000,-4.1250E+002
1972.0000,-4.1795E+002
1973.0000,-4.2593E+002
1974.0000,-4.1369E+002
1975.0000,-4.2070E+002
1976.0000,-4.2196E+002
1977.0000,-4.2459E+002
1978.0000,-4.2174E+002
1979.0000,-4.2151E+002
1980.0000,-4.2147E+002
1981.0000,-4.1934E+002
1982.0000,-4.2897E+002
1983.0000,-4.3998E+002
1984.0000,-4.2927E+002
1985.0000,-4.2866E+002
1986.0000,-4.3433E+002
1987.0000,-4.2375E+002
1988.0000,-4.2020E+002
1989.0000,-4.1830E+002
1990.0000,-4.1533E+002
1991.0000,-4.1203E+002
1992.0000,-4.0904E+002
1993.0000,-4.1771E+002
1994.0000,-4.2938E+002
1995.0000,-4.3866E+002
1996.0000,-4.3637E+002
1997.0000,-4.4804E+002
1998.0000,-4.3488E+002
1999.0000,-4.3746E+002
2000.0000,-4.4796E+002
2001.0000,-4.5286E+002
2002.0000,-4.5494E+002
2003.0000,-4.5180E+002
2004.0000,-4.3922E+002
2005.0000,-4.3195E+002
2006.0000,-4.3576E+002
2007.0000,-4.4017E+002
2008.0000,-4.3758E+002
2009.0000,-4.3288E+002
2010.0000,-4.3585E+002
2011.0000,-4.3548E+002
2012.0000,-4.3178E+002
2013.0000,-4.3593E+002
2014.0000,-4.3893E+002
2015.0000,-4.3376E+002
2016.0000,-4.4155E+002
2017.0000,-4.3996E+002
2018.0000,-4.3028E+002
2019.0000,-4.3968E+002
2020.0000,-4.3521E+002
2021.0000,-4.2878E+002
2022.0000,-4.2110E+002
2023.0000,-4.3129E+002
2024.0000,-4.4033E+002
2025.0000,-4.2971E+002
2026.0000,-4.3439E+002
2027.0000,-4.3392E+002
2028.0000,-4.3345E+002
2029.0000,-4.3432E+002
2030.0000,-4.3296E+002
2031.0000,-4.4925E+002
2032.0000,-4.3114E+002
2033.0000,-4.3444E+002
2034.0000,-4.2937E+002
2035.0000,-4.2802E+002
2036.0000,-4.2853E+002
2037.0000,-4.3071E+002
2038.0000,-4.3258E+002
2039.0000,-4.4043E+002
2040.0000,-4.4034E+002
2041.0000,-4.4254E+002
2042.0000,-4.4451E+002
2043.0000,-4.3948E+002
2044.0000,-4.5019E+002
2045.0000,-4.3407E+002
2046.0000,-4.3344E+002
2047.0000,-4.3229E+002
2048.0000,-4.4015E+002
2049.0000,-4.3761E+002
2050.0000,-4.2857E+002
2051.0000,-4.2746E+002
2052.0000,-4.3241E+002
2053.0000,-4.2941E+002
2054.0000,-4.3003E+002
2055.0000,-4.3710E+002
2056.0000,-4.3837E+002
2057.0000,-4.3630E+002
2058.0000,-4.4254E+002
2059.0000,-4.4321E+002
2060.0000,-4.5639E+002
2061.0000,-4.5347E+002
2062.0000,-4.5467E+002
2063.0000,-4.5245E+002
2064.0000,-4.5106E+002
2065.0000,-4.5070E+002
2066.0000,-4.4114E+002
2067.0000,-4.3722E+002
2068.0000,-4.3680E+002
2069.0000,-4.4186E+002
2070.0000,-4.3492E+002
2071.0000,-4.3371E+002
2072.0000,-4.3413E+002
2073.0000,-4.3212E+002
2074.0000,-4.3150E+002
2075.0000,-4.2896E+002
2076.0000,-4.2985E+002
2077.0000,-4.2565E+002
2078.0000,-4.2861E+002
2079.0000,-4.2507E+002
2080.0000,-4.2072E+002
2081.0000,-4.0785E+002
2082.0000,-4.0773E+002
2083.0000,-4.0910E+002
2084.0000,-3.8882E+002
2085.0000,-4.0128E+002
2086.0000,-4.1284E+002
2087.0000,-4.0622E+002
2088.0000,-4.0232E+002
2089.0000,-4.0481E+002
2090.0000,-4.0141E+002
2091.0000,-4.0001E+002
2092.0000,-4.0063E+002
2093.0000,-3.9789E+002
2094.0000,-3.9907E+002
2095.0000,-4.0260E+002
2096.0000,-4.0258E+002
2097.0000,-4.0940E+002
2098.0000,-4.0578E+002
2099.0000,-3.9987E+002
2100.0000,-3.9794E+002
2101.0000,-4.0162E+002
2102.0000,-3.9460E+002
2103.0000,-3.8852E+002
2104.0000,-3.8126E+002
2105.0000,-3.8041E+002
2106.0000,-3.8381E+002
2107.0000,-3.8013E+002
2108.0000,-3.7840E+002
2109.0000,-3.7775E+002
2110.0000,-3.7662E+002
2111.0000,-3.7463E+002
2112.0000,-3.7717E+002
2113.0000,-3.7782E+002
2114.0000,-3.7577E+002
2115.0000,-3.7739E+002
2116.0000,-3.7447E+002
2117.0000,-3.7183E+002
2118.0000,-3.7108E+002
2119.0000,-3.7172E+002
2120.0000,-3.7034E+002
2121.0000,-3.6859E+002
2122.0000,-3.6836E+002
2123.0000,-3.7063E+002
2124.0000,-3.6889E+002
2125.0000,-3.6786E+002
2126.0000,-3.6964E+002
2127.0000,-3.6754E+002
2128.0000,-3.6607E+002
2129.0000,-3.6482E+002
2130.0000,-3.6057E+002
2131.0000,-3.4973E+002
2132.0000,-3.4623E+002
2133.0000,-3.5710E+002
2134.0000,-3.5812E+002
2135.0000,-3.5753E+002
2136.0000,-3.5660E+002
2137.0000,-3.5488E+002
2138.0000,-3.5378E+002
2139.0000,-3.5251E+002
2140.0000,-3.5327E+002
2141.0000,-3.4992E+002
2142.0000,-3.4414E+002
2143.0000,-3.3876E+002
2144.0000,-3.3587E+002
2145.0000,-3.3234E+002
2146.0000,-3.2411E+002
2147.0000,-3.3665E+002
2148.0000,-3.3469E+002
2149.0000,-3.3413E+002
2150.0000,-3.3177E+002
2151.0000,-3.3063E+002
2152.0000,-3.3306E+002
2153.0000,-3.3520E+002
2154.0000,-3.3385E+002
2155.0000,-3.3225E+002
2156.0000,-3.3119E+002
2157.0000,-3.2913E+002
2158.0000,-3.2835E+002
2159.0000,-3.2821E+002
2160.0000,-3.2696E+002
2161.0000,-3.2363E+002
2162.0000,-3.2364E+002
2163.0000,-3.2189E+002
2164.0000,-3.2140E+002
2165.0000,-3.2131E+002
2166.0000,-3.2000E+002
2167.0000,-3.1966E+002
2168.0000,-3.1977E+002
2169.0000,-3.1910E+002
2170.0000,-3.1772E+002
2171.0000,-3.1647E+002
2172.0000,-3.1566E+002
2173.0000,-3.1588E+002
2174.0000,-3.1697E+002
2175.0000,-3.1819E+002
2176.0000,-3.1791E+002
2177.0000,-3.1631E+002
2178.0000,-3.1459E+002
2179.0000,-3.1282E+002
2180.0000,-3.1271E+002
2181.0000,-3.1439E+002
2182.0000,-3.1518E+002
2183.0000,-3.1575E+002
2184.0000,-3.1555E+002
2185.0000,-3.1550E+002
2186.0000,-3.1562E+002
2187.0000,-3.1551E+002
2188.0000,-3.1367E+002
2189.0000,-3.1165E+002
2190.0000,-3.0857E+002
2191.0000,-3.0673E+002
2192.0000,0.0000E+000
2193.0000,0.0000E+000
2194.0000,0.0000E+000
2195.0000,0.0000E+000
2196.0000,0.0000E+000
2197.0000,0.0000E+000
2198.0000,0.0000E+000
2199.0000,0.0000E+000
2200.0000,0.0000E+000
2201.0000,0.0000E+000
2202.0000,0.0000E+000
2203.0000,0.0000E+000
2204.0000,0.0000E+000
2205.0000,0.0000E+000
2206.0000,0.0000E+000
2207.0000,0.0000E+000
2208.0000,0.0000E+000
2209.0000,0.0000E+000
2210.0000,0.0000E+000
2211.0000,0.0000E+000
2212.0000,0.0000E+000
2213.0000,0.0000E+000
2214.0000,0.0000E+000
2215.0000,0.0000E+000
2216.0000,0.0000E+000
2217.0000,0.0000E+000
2218.0000,0.0000E+000
2219.0000,0.0000E+000
2220.0000,0.0000E+000
2221.0000,0.0000E+000
2222.0000,0.0000E+000
2223.0000,0.0000E+000
2224.0000,0.0000E+000
2225.0000,0.0000E+000
2226.0000,0.0000E+000
2227.0000,0.0000E+000
2228.0000,0.0000E+000
2229.0000,0.0000E+000
2230.0000,0.0000E+000
2231.0000,0.0000E+000
2232.0000,0.0000E+000
2233.0000,0.0000E+000
2234.0000,0.0000E+000
2235.0000,0.0000E+000
2236.0000,0.0000E+000
2237.0000,0.0000E+000
2238.0000,0.0000E+000
2239.0000,0.0000E+000
2240.0000,0.0000E+000
2241.0000,0.0000E+000
2242.0000,0.0000E+000
2243.0000,0.0000E+000
2244.0000,0.0000E+000
2245.0000,0.0000E+000
2246.0000,0.0000E+000
2247.0000,0.0000E+000
2248.0000,0.0000E+000
2249.0000,0.0000E+000
2250.0000,0.0000E+000
2251.0000,0.0000E+000
2252.0000,0.0000E+000
2253.0000,0.0000E+000
2254.0000,0.0000E+000
2255.0000,0.0000E+000
2256.0000,0.0000E+000
2257.0000,0.0000E+000
2258.0000,0.0000E+000
2259.0000,0.0000E+000
2260.0000,-2.5253E+002
2261.0000,0.0000E+000
2262.0000,-3.0932E+002
2263.0000,-3.0932E+002
2264.0000,-3.0932E+002
2265.0000,-3.0932E+002
2266.0000,-3.0932E+002
2267.0000,0.0000E+000
2268.0000,-3.0932E+002
2269.0000,-3.0932E+002
2270.0000,-3.0727E+002
2271.0000,-3.1112E+002
2272.0000,-3.1418E+002
2273.0000,-3.0783E+002
2274.0000,-3.1077E+002
2275.0000,-3.1216E+002
2276.0000,-3.1298E+002
2277.0000,-3.1278E+002
2278.0000,-3.1119E+002
2279.0000,-3.1478E+002
2280.0000,-3.1657E+002
2281.0000,-3.1782E+002
2282.0000,-3.2013E+002
2283.0000,-3.2177E+002
2284.0000,-3.2167E+002
2285.0000,-3.2287E+002
2286.0000,-3.2407E+002
2287.0000,-3.2568E+002
2288.0000,-3.2607E+002
2289.0000,-3.2839E+002
2290.0000,-3.3245E+002
2291.0000,-3.3058E+002
2292.0000,-3.3195E+002
2293.0000,-3.3365E+002
2294.0000,-3.3513E+002
2295.0000,-3.4207E+002
2296.0000,-3.4160E+002
2297.0000,-3.5729E+002
2298.0000,-3.6096E+002
2299.0000,-3.5731E+002
2300.0000,-3.5373E+002
2301.0000,-3.4774E+002
2302.0000,-3.4501E+002
2303.0000,-3.4376E+002
2304.0000,-3.4489E+002
2305.0000,-3.4580E+002
2306.0000,-3.4437E+002
2307.0000,-3.4745E+002
2308.0000,-3.4937E+002
2309.0000,-3.5580E+002
2310.0000,-3.6152E+002
2311.0000,-3.5797E+002
2312.0000,-3.6869E+002
2313.0000,-3.6587E+002
2314.0000,-3.6361E+002
2315.0000,-3.7108E+002
2316.0000,-3.6887E+002
2317.0000,-3.7805E+002
2318.0000,-3.8140E+002
2319.0000,-3.9074E+002
2320.0000,-4.0006E+002
2321.0000,-3.9231E+002
2322.0000,-3.8984E+002
2323.0000,-3.8200E+002
2324.0000,-3.8444E+002
2325.0000,-3.8182E+002
2326.0000,-3.9354E+002
2327.0000,-3.9790E+002
2328.0000,-3.9677E+002
2329.0000,-3.9482E+002
2330.0000,-3.9126E+002
2331.0000,-3.8970E+002
2332.0000,-3.9105E+002
2333.0000,-4.0636E+002
2334.0000,-3.9827E+002
2335.0000,-3.9398E+002
2336.0000,-3.9761E+002
2337.0000,-3.9933E+002
2338.0000,-4.0554E+002
2339.0000,-4.0839E+002
2340.0000,-4.1297E+002
2341.0000,-4.0573E+002
2342.0000,-4.0306E+002
2343.0000,-4.0496E+002
2344.0000,-4.0833E+002
2345.0000,-4.0776E+002
2346.0000,-4.2071E+002
2347.0000,-4.1876E+002
2348.0000,-4.1782E+002
2349.0000,-4.1838E+002
2350.0000,-4.2029E+002
2351.0000,-4.2847E+002
2352.0000,-4.3043E+002
2353.0000,-4.2106E+002
2354.0000,-4.1674E+002
2355.0000,-4.2879E+002
2356.0000,-4.4072E+002
2357.0000,-4.3532E+002
2358.0000,-4.4256E+002
2359.0000,-4.3833E+002
2360.0000,-4.3799E+002
2361.0000,-4.3353E+002
2362.0000,-4.3565E+002
2363.0000,-4.4203E+002
2364.0000,-4.3690E+002
2365.0000,-4.3679E+002
2366.0000,-4.3796E+002
2367.0000,-4.4779E+002
2368.0000,-4.3890E+002
2369.0000,-4.4161E+002
2370.0000,-4.3816E+002
2371.0000,-4.4590E+002
2372.0000,-4.4173E+002
2373.0000,-4.3955E+002
2374.0000,-4.3717E+002
2375.0000,-4.4705E+002
2376.0000,-4.4657E+002
2377.0000,-4.4318E+002
2378.0000,-4.4310E+002
2379.0000,-4.4047E+002
2380.0000,-4.3973E+002
2381.0000,-4.5224E+002
2382.0000,-4.4054E+002
2383.0000,-4.3995E+002
2384.0000,-4.4917E+002
2385.0000,-4.5705E+002
2386.0000,-4.4726E+002
2387.0000,-4.4891E+002
2388.0000,-4.3302E+002
2389.0000,-4.5309E+002
2390.0000,-4.4820E+002
2391.0000,-4.4680E+002
2392.0000,-4.4374E+002
2393.0000,-4.4324E+002
2394.0000,-4.4588E+002
2395.0000,-4.4503E+002
2396.0000,-4.4332E+002
2397.0000,-4.4987E+002
2398.0000,-4.5066E+002
2399.0000,-4.4846E+002
2400.0000,-4.4832E+002
2401.0000,-4.4133E+002
2402.0000,-4.3768E+002
2403.0000,-4.3165E+002
2404.0000,-4.3160E+002
2405.0000,-4.3042E+002
2406.0000,-4.2926E+002
2407.0000,-4.3042E+002
2408.0000,-4.4033E+002
2409.0000,-4.3228E+002
2410.0000,-4.2843E+002
2411.0000,-4.3119E+002
2412.0000,-4.3501E+002
2413.0000,-4.3507E+002
2414.0000,-4.3435E+002
2415.0000,-4.4292E+002
2416.0000,-4.3155E+002
2417.0000,-4.3868E+002
2418.0000,-4.4466E+002
2419.0000,-4.3870E+002
2420.0000,-4.4431E+002
2421.0000,-4.3919E+002
2422.0000,-4.3000E+002
2423.0000,-4.2394E+002
2424.0000,-4.2444E+002
2425.0000,-4.2183E+002
2426.0000,-4.1984E+002
2427.0000,-4.1434E+002
2428.0000,-4.1309E+002
2429.0000,-4.1835E+002
2430.0000,-4.1806E+002
2431.0000,-4.1401E+002
2432.0000,-4.2519E+002
2433.0000,-4.3996E+002
2434.0000,-4.3500E+002
2435.0000,-4.3735E+002
2436.0000,-4.3672E+002
2437.0000,-4.4832E+002
2438.0000,-4.5006E+002
2439.0000,-4.4396E+002
2440.0000,-4.3524E+002
2441.0000,-4.4793E+002
2442.0000,-4.3986E+002
2443.0000,-4.3480E+002
2444.0000,-4.2791E+002
2445.0000,-4.2158E+002
2446.0000,-4.2211E+002
2447.0000,-4.1804E+002
2448.0000,-4.1608E+002
2449.0000,-4.1552E+002
2450.0000,-4.1273E+002
2451.0000,-4.1386E+002
2452.0000,-4.1797E+002
2453.0000,-4.1344E+002
2454.0000,-4.1128E+002
2455.0000,-4.0974E+002
2456.0000,-4.1034E+002
2457.0000,-4.1142E+002
2458.0000,-4.1132E+002
2459.0000,-4.0895E+002
2460.0000,-4.1632E+002
2461.0000,-4.1073E+002
2462.0000,-4.1135E+002
2463.0000,-4.0592E+002
2464.0000,-3.9802E+002
2465.0000,-3.9975E+002
2466.0000,-3.9758E+002
2467.0000,-3.9497E+002
2468.0000,-3.9381E+002
2469.0000,-3.9386E+002
2470.0000,-3.9706E+002
2471.0000,-3.9677E+002
2472.0000,-3.9472E+002
2473.0000,-3.9372E+002
2474.0000,-3.8929E+002
2475.0000,-3.9152E+002
2476.0000,-3.8965E+002
2477.0000,-3.8746E+002
2478.0000,-3.8378E+002
2479.0000,-3.8188E+002
2480.0000,-3.7884E+002
2481.0000,-3.7491E+002
2482.0000,-3.6876E+002
2483.0000,-3.7537E+002
2484.0000,-3.7594E+002
2485.0000,-3.7655E+002
2486.0000,-3.7568E+002
2487.0000,-3.7478E+002
2488.0000,-3.7474E+002
2489.0000,-3.7152E+002
2490.0000,-3.6672E+002
2491.0000,-3.7210E+002
2492.0000,-3.6978E+002
2493.0000,-3.6785E+002
2494.0000,-3.6772E+002
2495.0000,-3.6658E+002
2496.0000,-3.6481E+002
2497.0000,-3.6623E+002
2498.0000,-3.6651E+002
2499.0000,-3.6681E+002
2500.0000,-3.6791E+002
2501.0000,-3.6701E+002
2502.0000,-3.6064E+002
2503.0000,-3.5988E+002
2504.0000,-3.6033E+002
2505.0000,-3.5388E+002
2506.0000,-3.6167E+002
2507.0000,-3.6037E+002
2508.0000,-3.5758E+002
2509.0000,-3.5517E+002
2510.0000,-3.5589E+002
2511.0000,-3.5609E+002
2512.0000,-3.5796E+002
2513.0000,-3.5820E+002
2514.0000,-3.5556E+002
2515.0000,-3.5384E+002
2516.0000,-3.2892E+002
2517.0000,-3.3681E+002
2518.0000,-3.4354E+002
2519.0000,-3.4134E+002
2520.0000,-3.4392E+002
2521.0000,-3.4478E+002
2522.0000,-3.4442E+002
2523.0000,-3.4212E+002
2524.0000,-3.3707E+002
2525.0000,-3.4147E+002
2526.0000,-3.4281E+002
2527.0000,-3.3799E+002
2528.0000,-3.3769E+002
2529.0000,-3.3566E+002
2530.0000,-3.3771E+002
2531.0000,-3.3808E+002
2532.0000,-3.3787E+002
2533.0000,-3.3796E+002
2534.0000,-3.3773E+002
2535.0000,-3.3778E+002
2536.0000,-3.3752E+002
2537.0000,-3.3799E+002
2538.0000,-3.3950E+002
2539.0000,-3.3912E+002
2540.0000,-3.3830E+002
2541.0000,-3.3785E+002
2542.0000,-3.3646E+002
2543.0000,-3.3454E+002
2544.0000,-3.3278E+002
2545.0000,-3.3228E+002
2546.0000,-3.3241E+002
2547.0000,-3.3188E+002
2548.0000,-3.3248E+002
2549.0000,-3.3135E+002
2550.0000,-3.3026E+002
2551.0000,-3.3006E+002
2552.0000,-3.2898E+002
2553.0000,-3.2783E+002
2554.0000,-3.2705E+002
